529
767
594
778
744
537
734
796
392
431
522
871
534
773
876
464
661
567
614
829
471
827
813
297
763
751
788
867
565
682
688
434
499
491
860
431
756
666
896
793
820
579
864
532
750
822
645
633
636
684
786
793
708
252
867
620
741
728
629
639
883
873
528
217
637
837
575
462
862
852
580
586
881
775
491
723
386
650
740
748
862
694
682
931
840
779
555
854
478
709
689
600
630
605
716
689
824
491
580
582
735
646
961
259
908
907
814
865
702
400
658
471
529
165
786
821
964
386
604
904
354
572
364
978
567
724
931
428
692
850
851
631
669
573
718
325
634
800
659
634
504
634
753
696
721
367
798
489
735
892
833
868
335
815
794
858
414
668
792
722
611
554
424
746
750
740
448
738
392
834
665
757
556
624
810
502
635
619
844
864
550
820
691
665
544
690
611
702
378
857
428
722
965
680
855
297
880
677
834
860
842
867
604
973
607
678
874
804
574
651
215
758
842
685
847
826
762
435
238
542
878
645
785
340
673
822
673
785
657
685
398
515
687
399
777
822
576
665
823
898
642
826
581
751
832
721
388
794
956
572
850
504
854
825
472
399
672
701
358
801
570
474
675
660
290
763
540
643
565
389
416
526
933
575
656
619
623
399
630
819
646
965
491
868
977
267
628
731
903
778
933
570
967
870
857
726
732
579
808
867
846
798
873
817
391
859
849
472
897
532
641
747
844
762
864
664
957
700
866
737
529
691
981
444
872
977
497
823
502
473
808
673
884
697
929
834
911
587
953
916
521
959
319
750
651
731
724
694
763
903
676
786
780
813
864
620
653
806
710
677
836
673
664
790
595
914
895
363
702
748
818
611
803
577
354
793
848
783
515
909
898
555
891
879
462
868
566
438
566
577
481
813
270
588
814
870
711
750
477
791
806
502
737
504
878
828
661
841
696
376
675
700
830
873
698
728
737
817
763
839
700
659
674
603
916
512
727
494
789
948
548
691
848
823
526
798
768
762
856
925
836
768
400
740
600
830
886
620
695
940
747
673
686
692
378
420
898
487
544
472
643
489
533
373
873
735
463
969
713
821
827
475
623
930
731
764
492
660
494
899
559
424
132
682
730
380
353
617
840
803
832
925
779
690
749
653
856
848
710
953
741
973
599
425
619
531
733
816
403
838
849
342
930
559
584
773
886
280
614
819
550
649
422
614
812
467
772
831
783
737
659
678
835
681
655
859
860
929
753
585
497
784
830
582
891
988
563
862
493
865
595
660
578
773
968
385
823
468
537
810
695
874
625
812
487
778
643
618
397
905
520
727
948
610
781
557
714
744
782
989
750
836
758
875
754
680
863
832
883
960
985
576
484
687
752
875
156
814
916
977
794
394
574
779
459
746
679
807
727
737
749
865
888
683
898
630
916
497
651
844
569
436
649
839
804
796
839
912
871
426
657
719
468
944
689
940
838
756
467
703
690
527
429
793
758
561
566
330
825
806
814
647
393
498
950
946
763
249
790
770
480
389
969
640
881
685
634
564
688
581
870
361
699
854
607
551
648
982
569
842
484
690
645
579
622
690
722
396
785
730
950
748
528
806
514
692
513
834
431
665
580
313
819
546
946
915
158
821
873
497
624
407
778
608
781
491
790
846
593
781
628
556
683
570
695
775
812
378
806
708
829
594
828
465
224
775
874
511
598
625
878
609
914
843
906
864
653
883
750
677
516
842
606
782
823
493
759
673
751
754
555
613
580
708
900
789
846
626
637
371
923
596
877
915
582
888
443
504
881
551
550
896
889
844
936
343
691
831
461
451
733
714
972
378
677
560
724
765
476
906
686
672
817
577
759
859
943
995
689
619
454
822
646
695
740
689
871
747
850
500
849
781
656
755
810
591
604
614
300
794
748
504
518
555
498
548
838
512
326
930
569
307
357
669
691
788
561
938
761
895
883
869
833
766
642
908
891
566
790
943
653
608
574
557
892
826
495
828
737
604
446
694
785
238
770
523
409
744
865
689
946
456
927
461
623
840
645
824
673
882
779
963
452
587
718
907
887
271
947
456
672
614
676
727
560
815
752
551
697
796
527
573
569
498
550
708
686
428
801
805
846
753
652
789
658
766
859
666
599
718
653
351
608
621
426
612
813
706
617
766
951
938
872
636
582
966
838
700
710
600
504
494
425
774
810
827
834
869
620
255
899
934
445
365
443
795
842
583
662
722
603
541
600
613
667
549
671
911
814
972
780
704
837
803
891
236
742
828
724
824
656
598
516
858
805
580
867
528
588
950
818
789
614
734
675
486
614
799
832
740
556
830
754
367
730
887
734
818
467
488
592
635
560
723
512
759
698
783
869
761
768
782
940
304
955
976
610
318
462
331
455
739
546
473
735
255
747
757
760
702
760
811
890
336
493
743
757
449
965
581
754
785
791
825
763
279
782
302
420
938
779
889
892
491
444
841
787
776
397
582
734
938
325
439
652
946
366
964
889
829
525
476
805
731
595
860
804
896
571
629
894
800
681
669
721
948
917
803
432
783
780
989
534
697
724
583
352
941
541
899
413
598
781
576
667
614
548
741
850
880
784
914
964
800
780
717
817
734
924
676
963
804
822
551
743
726
903
484
610
868
355
861
818
267
509
651
391
882
369
556
581
462
629
507
427
246
703
704
889
964
911
389
435
747
787
683
780
538
631
512
581
774
966
522
624
955
860
563
777
604
620
790
749
677
576
936
799
903
294
685
403
416
903
953
752
549
919
503
926
710
459
731
855
673
501
901
775
637
542
796
585
618
585
515
845
741
707
792
686
454
592
554
905
550
469
731
949
382
771
665
948
738
667
802
647
539
835
771
941
770
781
742
834
608
654
608
937
599
678
894
890
403
951
856
950
801
691
151
974
532
788
807
686
648
440
794
888
599
861
520
955
676
435
600
758
902
894
522
854
275
698
382
912
781
322
787
668
958
853
833
721
458
703
708
431
646
937
848
748
297
641
844
526
602
540
929
793
731
675
575
770
674
637
617
749
604
564
731
510
443
669
652
855
794
540
922
451
669
867
871
823
697
520
739
902
755
690
669
378
386
833
742
723
777
920
874
779
928
426
639
20
544
589
712
837
920
374
888
622
744
873
268
753
859
727
835
894
607
538
499
744
668
746
728
877
653
793
728
631
635
796
772
979
808
909
277
869
755
698
719
956
640
864
734
651
676
494
825
524
632
827
913
528
936
670
643
934
738
702
604
781
644
962
664
644
286
626
820
888
668
616
876
884
665
890
565
701
455
322
840
901
848
577
642
872
542
606
589
837
489
947
731
610
528
554
704
918
998
817
250
740
652
964
660
750
596
766
798
634
836
587
664
985
573
374
752
641
882
840
762
610
547
629
689
537
835
521
639
963
933
829
645
783
680
905
834
858
703
853
557
432
686
804
310
614
878
659
374
614
765
977
647
826
374
796
503
577
844
820
761
360
878
675
809
650
720
682
839
826
813
843
807
541
601
816
850
566
969
225
870
839
783
350
225
832
788
845
833
717
643
736
315
837
737
740
572
356
648
825
782
525
728
320
915
790
713
626
838
698
947
898
238
557
726
606
814
371
969
708
748
713
637
659
516
480
642
500
870
869
726
713
787
559
376
760
427
819
790
718
525
690
710
837
452
539
844
735
974
753
722
575
388
761
745
734
854
405
448
817
573
462
839
614
902
726
844
310
319
558
603
733
818
691
532
517
848
821
270
944
294
954
460
641
827
408
188
637
388
421
761
643
641
792
651
977
711
945
792
775
692
818
929
849
493
538
726
476
539
546
585
690
494
558
202
842
615
783
671
681
865
592
760
620
757
513
821
653
887
883
823
725
733
791
718
666
668
535
670
869
910
884
730
857
631
549
291
610
943
792
624
753
788
481
818
793
799
644
911
210
561
711
457
426
743
676
175
972
915
586
663
943
334
803
778
781
734
702
203
858
737
423
890
502
619
702
807
635
805
801
406
633
411
652
598
845
812
862
185
521
439
757
690
606
799
925
883
517
681
577
581
314
616
935
579
903
366
842
501
772
770
829
736
809
708
320
664
816
508
924
522
625
910
566
500
602
796
797
819
839
365
724
722
578
575
773
769
672
701
670
938
490
786
992
413
754
574
853
447
802
966
731
743
525
929
412
646
605
829
523
429
847
710
560
827
920
690
745
732
519
597
792
716
786
675
575
559
715
518
933
905
930
696
688
808
717
978
731
904
348
667
792
492
611
637
761
562
633
627
804
604
598
895
573
638
861
249
457
723
629
868
651
620
602
493
666
465
397
477
291
820
619
907
707
742
619
943
796
622
701
715
589
966
926
465
908
797
808
836
829
632
555
732
731
413
644
953
870
745
783
643
589
839
636
800
866
586
534
629
799
861
170
803
432
929
934
767
659
692
920
760
421
666
857
625
777
807
804
724
571
763
863
758
552
924
352
397
437
552
420
732
914
782
572
689
776
882
843
665
620
846
868
674
253
680
638
440
697
933
554
710
784
743
578
811
428
828
256
787
640
673
715
397
733
620
651
709
511
751
509
483
576
580
702
749
929
614
888
968
697
452
723
842
927
480
480
727
749
893
879
724
821
770
655
759
779
665
487
860
710
702
608
665
709
576
786
637
772
198
738
635
357
741
939
845
707
735
691
571
858
809
788
717
810
785
860
826
854
419
896
708
572
413
964
824
792
947
775
979
839
734
971
885
417
642
849
513
695
511
821
599
817
978
791
922
440
878
593
651
689
783
714
621
849
852
861
868
399
742
667
530
861
577
224
857
827
808
877
681
285
649
558
708
564
587
750
721
772
913
585
416
683
421
786
714
674
426
830
877
680
658
872
693
787
506
597
756
973
749
892
782
972
699
842
630
615
452
792
838
340
810
881
804
872
819
913
536
849
588
877
788
805
350
687
606
767
944
838
685
873
712
811
563
313
883
721
395
743
828
672
379
933
615
914
844
763
707
710
805
562
773
627
484
468
702
840
380
615
856
862
477
825
561
815
934
730
873
662
508
734
713
755
933
755
386
883
402
857
749
831
632
799
716
604
740
907
491
996
406
792
819
639
737
705
855
917
744
760
767
737
182
592
953
470
383
593
815
682
668
898
674
649
770
647
592
777
716
713
401
680
607
684
331
765
566
857
716
828
470
700
739
745
732
835
643
771
918
829
449
470
543
686
575
687
926
789
878
680
809
786
541
959
873
617
781
824
572
705
671
867
726
553
614
690
688
844
739
558
788
703
811
872
704
587
544
540
679
862
325
800
725
912
760
704
775
644
811
480
935
702
755
891
568
395
692
792
481
982
678
214
748
399
597
569
519
721
554
801
484
780
903
700
955
685
744
754
637
630
573
846
836
920
583
696
488
756
381
820
626
819
704
526
765
616
369
672
791
707
674
674
730
710
538
682
352
931
824
726
566
498
449
633
750
873
900
541
416
499
924
943
853
735
603
131
901
685
336
461
969
952
332
434
890
797
596
825
539
184
848
844
547
323
805
532
902
674
935
963
609
829
515
862
433
746
954
409
611
813
874
375
634
915
717
604
772
543
483
532
923
516
972
387
723
435
636
724
635
606
542
809
638
788
653
874
786
268
742
738
467
799
544
782
620
742
540
721
631
899
860
747
655
464
711
545
707
967
987
333
808
842
793
682
321
892
812
755
860
882
721
973
399
481
723
693
836
671
743
890
542
785
624
560
285
852
812
841
509
571
974
739
704
842
516
826
491
916
833
940
473
293
838
692
506
718
703
763
559
799
438
848
561
931
320
697
497
904
655
535
868
740
595
796
360
855
551
530
799
341
746
600
556
279
389
806
574
620
841
742
850
838
832
527
912
878
580
798
836
840
788
682
971
682
544
851
728
330
873
509
585
701
921
682
588
524
541
926
443
770
804
922
295
692
562
520
963
730
685
665
875
686
883
825
524
431
925
626
782
636
611
867
485
751
682
684
715
628
661
657
852
919
641
878
562
750
857
608
778
874
970
210
662
903
845
527
497
861
877
722
689
738
284
818
735
675
502
850
902
442
859
430
643
314
573
768
343
858
826
677
776
635
374
224
605
294
538
640
765
824
831
929
830
840
689
723
812
571
840
715
929
346
888
377
764
830
893
980
520
691
797
358
552
500
225
749
727
630
728
353
511
882
719
863
568
219
615
920
710
771
721
821
618
998
878
565
732
748
705
888
414
788
771
766
698
983
669
698
819
608
721
717
862
773
847
948
550
752
897
798
557
484
580
565
746
825
692
724
688
301
488
859
642
772
412
830
747
637
855
596
626
771
276
685
681
877
820
479
840
525
485
636
536
812
856
574
911
853
876
679
534
316
848
594
896
892
505
835
701
594
935
779
299
613
641
662
843
538
598
659
951
616
737
472
502
858
855
895
633
912
964
668
669
523
656
544
745
538
610
962
723
471
765
862
798
646
410
831
763
615
320
395
618
692
848
843
901
626
827
642
520
936
791
468
669
797
239
809
416
259
592
557
587
552
790
716
581
808
700
937
646
895
443
752
616
486
724
964
552
760
826
397
274
566
631
819
517
777
791
695
681
693
505
792
861
843
784
537
818
926
730
741
506
669
649
933
842
269
417
347
802
780
652
856
530
707
812
294
645
693
845
898
803
352
901
765
745
833
647
861
452
655
594
610
688
939
811
815
359
493
665
232
692
433
587
666
521
825
700
456
628
601
658
644
635
697
859
751
485
536
622
392
293
849
761
306
696
508
691
820
814
605
789
836
779
930
302
707
712
519
843
569
711
570
564
859
847
876
849
712
828
670
879
840
641
503
433
724
859
653
587
375
626
377
818
448
843
556
634
777
654
438
633
760
867
860
676
623
515
721
461
618
808
511
714
802
428
914
806
522
595
684
932
767
570
602
612
805
753
961
918
888
918
654
877
981
718
504
743
935
408
709
920
862
757
884
897
445
850
766
795
577
856
544
844
739
462
278
547
695
697
661
893
682
741
616
766
756
743
723
650
511
802
224
858
773
964
621
483
725
572
522
530
822
305
759
967
621
392
851
522
455
751
633
467
723
579
654
717
699
446
722
676
715
692
340
506
942
602
539
526
857
867
484
729
733
820
626
806
520
585
379
914
729
551
248
565
751
521
908
824
553
429
691
274
658
715
899
669
537
825
456
490
665
905
547
739
867
900
682
582
943
62
945
558
453
667
837
268
935
419
549
533
822
372
645
519
657
584
697
722
879
817
592
300
546
675
348
435
571
907
756
890
516
883
727
341
812
852
897
154
479
854
478
615
571
898
650
899
313
810
823
695
881
805
401
722
89
775
546
642
862
757
730
533
405
740
506
739
574
912
891
749
561
838
758
480
329
744
713
770
676
895
699
515
673
905
700
606
798
754
630
684
935
702
399
719
838
883
455
450
509
389
759
737
727
456
622
902
676
812
544
386
593
851
895
958
433
790
400
978
429
773
505
904
904
593
735
737
671
746
741
643
648
640
839
710
536
901
463
859
874
415
464
805
425
717
624
178
602
818
593
854
578
538
635
799
745
680
746
822
681
884
706
880
692
483
388
838
686
475
475
626
970
929
274
600
528
877
906
766
695
532
950
753
970
909
605
363
875
610
642
855
516
793
846
681
511
667
698
700
797
884
464
943
744
898
852
809
862
835
868
850
915
957
663
587
529
501
561
687
902
769
538
457
896
706
836
687
510
933
761
613
768
583
639
362
704
677
471
178
847
882
381
819
713
799
502
656
599
806
760
776
644
836
462
463
692
880
756
851
886
863
646
897
585
614
837
982
642
836
563
636
554
876
877
851
769
683
852
644
751
678
342
640
815
609
801
942
650
798
579
564
758
978
296
920
929
513
675
563
588
549
124
811
716
674
719
777
260
224
815
540
946
690
724
230
732
724
646
854
788
702
879
589
790
865
414
889
875
798
791
900
578
868
588
756
555
937
538
904
890
781
636
869
867
685
391
915
702
512
544
883
801
860
514
344
709
793
706
517
918
858
550
358
965
288
762
734
741
794
563
252
838
859
797
962
712
847
697
869
677
733
545
686
887
690
465
708
554
451
464
969
898
322
799
760
673
770
655
765
835
657
852
650
763
810
527
602
794
906
618
711
413
214
880
654
562
556
883
544
504
627
565
767
539
913
453
660
690
752
775
899
747
688
837
889
860
813
362
678
875
653
916
674
827
523
684
934
436
726
684
292
873
524
604
906
723
842
785
622
908
757
914
807
752
853
675
847
707
855
871
408
515
680
441
744
765
699
982
669
502
744
868
457
774
901
698
560
778
727
896
888
712
697
692
924
804
807
796
695
492
846
746
797
657
481
668
566
874
571
730
761
449
702
583
829
412
641
921
716
350
512
734
762
621
745
705
807
384
767
882
542
738
862
717
881
758
958
839
816
496
498
876
446
761
236
788
911
912
736
636
746
910
685
358
622
761
765
518
895
416
356
664
887
887
796
588
457
918
642
788
530
685
535
277
686
205
673
676
672
743
831
634
571
479
620
693
487
623
731
594
432
730
843
418
919
581
340
684
992
845
818
693
844
705
824
858
861
602
774
837
521
803
485
482
873
772
888
359
972
976
534
737
639
369
792
639
873
812
610
672
520
489
519
667
567
933
803
778
716
313
925
615
435
494
619
484
307
858
828
635
860
862
681
882
759
943
873
636
906
615
701
910
833
515
421
831
989
809
207
680
555
600
906
895
530
727
719
794
590
912
384
345
519
793
853
235
353
585
803
959
828
861
720
730
400
704
724
738
521
835
415
767
954
931
755
910
473
605
747
943
802
665
945
793
750
527
462
473
872
928
663
864
820
215
918
328
468
764
779
844
907
321
608
399
690
861
789
217
179
523
751
756
788
288
721
717
415
637
890
752
817
873
539
953
644
530
622
307
132
819
808
796
688
871
771
706
651
645
737
614
688
972
861
802
645
871
688
738
612
673
646
814
266
803
505
802
808
835
507
381
939
420
824
617
924
551
653
568
941
654
759
649
631
670
704
513
749
504
825
885
710
755
264
764
689
909
856
684
655
641
916
389
908
569
717
644
760
693
835
898
867
464
642
980
684
868
812
648
842
900
938
707
621
556
577
772
682
938
174
750
695
626
973
566
666
888
793
538
691
873
819
436
689
852
382
907
697
971
648
892
268
883
724
744
886
669
858
473
784
499
734
831
941
368
631
904
158
748
395
688
523
765
452
672
747
599
958
868
920
630
732
763
538
569
795
374
712
724
561
679
536
655
818
471
456
781
820
739
762
860
464
838
688
854
668
940
890
743
713
499
741
292
743
904
432
649
779
419
886
484
786
910
731
849
874
615
411
736
626
748
461
784
446
777
504
708
597
612
642
412
646
720
419
396
684
812
825
630
507
532
820
846
697
563
360
715
684
989
645
412
606
546
842
925
863
919
742
903
480
891
550
544
662
659
689
782
515
898
403
937
826
954
474
796
989
802
251
980
626
724
884
704
878
277
703
751
535
614
904
851
893
774
814
621
610
956
627
595
737
239
652
713
643
309
590
793
719
666
302
600
868
982
359
673
736
953
962
983
638
776
577
863
512
916
886
684
791
603
499
741
610
372
325
483
605
933
484
525
628
581
868
811
657
606
489
612
868
721
613
519
633
442
635
958
750
775
535
837
799
859
427
615
873
560
567
1000
777
743
711
744
419
404
694
792
826
933
786
388
867
743
597
824
771
763
960
640
854
464
876
665
679
617
747
729
581
567
951
374
866
403
790
889
698
788
738
569
440
791
498
663
689
571
918
514
768
797
653
684
529
702
633
881
719
325
281
744
597
602
675
623
905
920
436
662
971
859
703
512
363
769
837
360
885
920
966
927
490
470
427
552
665
901
980
750
523
503
418
795
859
858
763
554
375
880
576
401
628
664
759
352
744
547
534
575
361
775
702
940
382
522
690
293
753
813
687
916
689
817
899
834
795
719
777
241
442
544
830
460
859
844
435
906
934
515
965
760
737
815
635
607
844
507
894
508
732
674
991
853
921
750
618
251
696
842
900
909
931
825
562
664
744
766
768
829
672
869
552
761
548
795
839
361
982
980
406
451
699
901
956
829
910
568
722
971
828
752
398
342
682
530
923
555
774
565
431
788
656
324
659
946
804
733
796
908
695
710
626
883
791
705
805
484
834
489
872
609
681
737
610
453
667
456
610
587
834
991
925
615
507
703
413
891
751
913
709
539
905
458
951
711
823
431
638
62
419
873
593
619
439
876
818
583
674
609
815
980
615
848
700
258
714
574
857
719
913
808
804
661
628
353
921
230
848
421
911
512
774
648
305
486
905
691
538
553
599
719
910
734
568
728
850
645
261
776
718
260
576
747
673
216
385
905
508
681
685
825
426
455
746
686
954
645
597
559
730
639
945
632
638
770
703
420
595
872
784
193
896
799
647
718
410
479
700
904
578
620
445
902
676
528
832
895
997
451
529
788
736
907
513
501
862
686
766
814
639
547
919
887
743
596
783
630
949
638
691
406
285
907
564
301
610
752
148
689
718
723
806
402
778
532
763
947
797
754
495
895
875
670
771
902
933
955
907
759
735
704
859
774
964
797
359
729
445
363
769
667
279
653
388
819
625
819
803
428
610
650
840
695
500
572
680
322
809
894
624
789
708
977
593
748
549
623
869
300
477
830
794
958
871
549
614
600
736
872
395
610
664
673
495
545
845
619
641
557
757
741
391
159
533
635
748
586
899
634
717
324
807
487
782
543
804
755
688
594
593
664
789
835
867
348
842
634
768
914
908
449
691
614
830
863
729
554
742
854
514
798
161
415
701
606
646
582
859
742
570
742
839
605
447
851
761
693
977
700
800
314
514
764
913
567
799
425
915
688
910
991
668
209
345
717
697
602
584
746
446
904
500
939
631
596
601
672
901
896
329
946
615
441
758
578
890
957
440
768
502
648
969
612
583
686
617
940
269
791
724
608
924
811
843
714
611
743
501
970
845
755
741
543
587
964
474
678
682
830
865
738
887
742
819
881
867
709
844
630
571
611
931
450
769
525
208
736
729
550
866
901
942
850
886
436
804
244
770
597
401
897
722
872
979
931
406
836
772
762
811
782
684
670
918
517
508
800
422
765
768
724
762
659
845
768
728
583
539
812
753
717
969
694
908
752
871
903
837
663
393
720
693
710
674
782
623
558
919
707
647
463
769
853
721
796
741
584
608
783
937
693
700
419
624
654
859
462
607
877
541
871
743
976
724
448
710
652
832
573
760
746
405
976
659
482
366
421
598
566
857
600
566
658
872
835
245
817
774
646
893
667
914
559
869
949
909
497
565
97
929
340
614
851
737
508
381
935
532
308
717
742
573
309
676
576
583
391
809
441
545
543
895
810
500
821
927
230
806
778
653
768
707
899
821
468
671
369
778
500
835
922
761
884
615
783
722
859
821
885
788
804
762
554
511
843
931
470
153
876
593
981
914
977
764
640
629
717
827
235
829
722
132
830
708
912
694
862
623
570
645
915
777
591
745
915
879
879
651
784
924
333
812
858
798
652
636
707
788
529
845
715
674
210
562
828
748
776
701
897
645
737
710
633
892
908
618
812
837
849
181
522
556
915
839
886
555
516
306
806
379
707
720
565
756
431
803
616
691
634
720
666
697
720
921
147
272
502
616
828
811
630
243
668
927
631
745
376
631
661
432
937
770
971
910
396
766
921
734
500
385
672
296
685
551
631
852
696
830
554
915
886
488
790
806
929
432
841
852
879
767
723
248
637
403
646
710
799
293
955
423
653
825
742
803
744
970
859
759
730
877
658
701
705
674
140
874
616
576
829
377
407
925
736
619
472
726
695
746
530
907
669
413
950
611
435
647
822
901
754
766
570
440
892
739
720
874
746
619
927
739
335
501
711
838
801
807
570
827
564
287
837
332
857
651
714
795
527
513
847
265
673
489
649
665
640
759
923
704
900
947
897
858
908
755
668
461
327
825
624
796
673
921
728
620
910
726
695
844
667
541
719
682
739
650
892
573
868
894
808
582
807
844
297
926
880
607
861
787
509
918
774
447
493
763
570
900
778
924
563
980
483
614
771
668
740
374
518
462
764
510
878
903
417
538
889
845
623
521
791
723
792
410
843
303
761
813
696
550
629
468
535
953
738
654
884
299
808
767
510
744
619
282
228
81
697
726
385
537
721
803
618
583
929
773
892
684
761
807
847
846
607
858
880
768
437
628
812
499
152
604
470
895
737
451
686
879
429
635
700
595
785
383
813
505
427
478
872
845
992
580
699
308
684
451
429
632
761
406
661
748
527
542
544
535
776
555
474
924
969
748
240
736
866
879
786
799
908
961
778
630
627
660
715
315
792
491
873
519
957
796
775
698
490
890
590
923
227
761
834
719
831
470
934
862
620
573
665
749
810
587
530
460
837
733
611
661
419
703
429
525
808
910
466
231
488
602
598
722
701
938
805
734
845
338
791
692
863
853
619
535
499
806
415
208
600
936
525
686
936
887
761
472
636
903
516
681
743
749
561
734
867
795
602
632
687
566
708
696
576
712
754
959
564
549
849
449
784
656
606
770
688
603
721
719
714
907
893
517
536
794
625
557
501
424
701
436
803
810
938
718
820
973
759
805
713
696
793
489
616
832
888
576
854
767
844
763
774
488
678
723
684
584
480
515
670
806
836
603
629
648
570
599
591
633
170
576
613
760
660
890
815
282
561
650
711
410
796
287
490
750
456
581
899
626
845
748
261
678
810
688
828
818
857
613
869
752
892
814
664
603
871
451
818
944
428
954
764
692
620
798
805
700
906
488
891
814
874
494
722
596
859
940
777
841
695
899
617
431
890
841
858
734
625
566
512
925
955
835
643
252
952
257
785
582
817
183
531
489
673
418
637
523
547
831
313
300
857
763
747
769
608
846
683
792
399
881
834
755
699
744
604
777
957
656
677
834
263
988
750
897
890
724
809
686
789
677
830
645
655
695
852
592
911
854
652
766
226
479
795
612
196
701
760
915
499
470
498
714
988
839
800
926
920
707
935
764
461
221
706
794
706
681
853
746
721
681
858
783
529
922
625
770
341
939
799
880
722
420
904
861
340
714
833
511
830
676
712
708
785
711
379
774
561
519
688
908
387
559
764
738
534
551
316
524
432
670
764
970
649
974
817
798
511
729
291
523
912
916
897
702
520
822
953
579
854
878
936
457
873
967
886
530
763
721
899
781
500
779
442
810
844
936
906
751
967
733
451
695
578
670
534
905
811
740
847
631
883
838
580
849
682
844
757
726
754
309
646
693
679
919
518
910
229
636
643
675
844
592
642
714
551
409
720
882
432
636
942
772
856
425
375
932
970
561
702
800
551
574
330
865
842
352
604
691
774
748
833
691
755
882
167
827
395
960
525
962
470
712
450
946
687
954
478
836
838
803
810
790
804
784
612
617
756
781
442
818
422
675
981
855
496
717
570
838
648
945
372
844
477
669
719
572
788
654
771
712
914
747
816
794
664
750
787
666
491
376
372
766
759
722
812
302
676
864
422
418
808
537
768
225
412
739
367
246
956
684
703
830
235
513
535
697
978
869
861
628
836
705
891
813
531
921
918
663
818
848
395
572
791
720
915
869
465
554
853
613
740
726
447
576
686
725
941
932
736
736
1
643
933
839
435
511
770
300
860
779
637
829
674
661
687
413
407
801
961
723
819
951
569
842
626
975
795
943
692
629
987
687
359
888
822
513
630
614
811
889
625
828
900
882
375
809
731
765
856
798
880
570
859
884
622
632
698
922
595
906
280
919
236
696
103
631
771
569
535
800
859
531
903
658
642
408
644
905
556
495
831
854
364
690
688
440
684
723
554
669
783
851
744
675
919
764
572
651
905
771
509
383
727
688
846
971
703
507
594
567
602
775
714
849
766
542
968
528
769
561
351
612
915
634
792
771
384
496
533
751
784
650
842
735
737
907
744
680
891
648
789
526
981
516
619
757
772
755
618
731
858
801
712
805
974
746
807
693
790
733
864
568
133
751
712
471
817
751
489
860
861
833
316
661
819
914
949
625
543
623
426
643
893
385
937
879
774
865
684
931
940
587
930
786
828
549
931
680
607
809
654
746
736
387
623
409
853
278
502
885
721
599
432
444
776
560
565
994
673
416
398
728
962
834
665
805
836
274
626
812
248
599
945
864
672
898
718
852
707
688
820
403
797
465
624
789
318
976
878
837
719
446
656
764
812
605
757
820
544
364
304
917
960
772
714
837
388
455
691
843
580
685
473
698
676
393
755
943
750
700
908
756
610
603
847
417
340
365
518
793
519
598
158
647
801
594
890
693
979
768
821
502
658
598
925
589
575
721
710
788
675
960
730
774
886
447
712
914
904
352
549
359
758
856
883
440
687
523
598
380
665
861
486
679
246
652
965
788
598
644
927
852
941
555
411
762
803
719
421
592
781
859
742
707
93
807
691
745
935
773
830
824
942
842
925
848
786
619
689
694
816
848
364
448
843
870
766
785
811
951
629
718
280
792
522
833
315
807
618
615
509
268
945
966
517
761
799
775
894
465
392
732
762
788
640
976
550
889
739
869
858
810
737
712
722
824
933
267
792
763
885
631
895
626
543
834
669
835
945
980
901
616
553
523
740
539
804
747
707
651
802
908
712
765
624
577
570
494
622
806
854
815
500
656
718
445
526
468
429
940
634
594
832
611
943
172
670
648
679
864
633
817
867
936
493
780
748
946
907
487
592
881
710
869
450
518
648
713
510
755
647
545
615
837
834
619
676
747
217
822
779
779
801
754
850
589
952
836
888
694
818
449
658
874
634
777
736
603
926
452
554
868
743
643
691
884
899
400
398
878
503
304
870
727
817
495
361
662
648
405
929
623
745
764
829
849
462
697
962
848
480
566
689
670
710
785
790
866
842
773
465
799
733
775
888
794
885
257
978
861
759
721
659
737
781
656
695
684
691
533
792
521
725
519
718
505
419
169
701
741
789
746
268
766
349
703
558
778
519
400
857
752
724
900
647
599
972
829
798
691
913
588
614
439
845
477
671
708
400
760
613
612
830
725
698
551
400
814
686
820
845
551
904
345
827
802
578
495
617
614
880
466
555
855
905
908
573
985
412
862
741
926
275
777
586
673
849
699
742
908
824
669
850
424
620
785
755
693
532
752
548
766
743
906
700
754
975
943
495
464
937
660
764
609
793
865
508
646
909
799
921
436
945
555
713
623
270
728
837
738
907
657
888
856
563
908
723
409
888
555
779
624
526
479
623
802
510
836
723
569
553
884
403
667
753
492
757
761
251
796
913
802
530
739
731
582
472
833
926
924
568
950
334
886
646
956
871
687
242
668
594
327
892
958
722
837
964
963
893
965
677
537
698
403
539
750
291
472
788
793
781
774
769
758
328
661
760
554
592
907
915
703
769
424
735
807
753
816
544
727
200
776
863
670
971
695
803
559
592
713
688
608
514
571
643
845
480
757
777
736
710
764
912
949
689
921
737
736
746
524
938
920
573
382
242
537
659
694
789
494
631
755
744
558
906
465
16
491
534
883
909
768
432
715
799
696
882
303
587
466
952
548
758
536
449
939
677
655
761
644
621
811
604
873
698
643
714
966
824
754
703
786
533
484
934
578
611
419
937
308
262
465
815
471
407
547
597
762
603
550
539
712
667
840
811
734
690
879
761
915
344
614
526
548
624
574
791
845
835
648
554
804
857
670
503
931
766
919
602
983
919
748
655
538
861
721
807
681
703
674
914
585
797
656
913
664
909
623
884
970
325
767
782
362
558
705
831
959
733
934
631
792
835
731
624
860
457
690
652
432
919
999
397
767
861
844
472
805
704
459
616
909
686
578
791
747
838
252
340
847
857
834
370
945
742
762
953
956
597
683
440
394
856
748
631
942
789
696
701
747
691
570
730
883
838
673
852
617
784
795
534
720
810
698
906
542
689
843
401
750
888
634
923
605
701
664
559
519
502
777
375
577
613
700
281
545
767
387
462
792
757
585
959
870
741
764
961
881
823
710
746
693
601
872
773
667
384
853
578
352
721
544
798
432
460
938
749
677
660
607
934
932
708
868
641
382
799
805
712
579
670
422
664
859
692
834
934
478
686
699
531
698
981
589
849
431
834
615
679
378
703
661
291
266
394
642
941
538
677
968
924
582
944
751
373
813
700
929
700
628
904
747
371
354
506
817
455
616
446
764
891
491
773
657
449
841
809
854
893
847
979
618
584
601
954
361
584
958
679
726
763
878
827
792
598
947
567
860
900
796
774
869
369
837
733
632
795
659
949
645
894
893
527
837
557
537
231
361
928
610
706
803
708
838
737
675
654
862
600
669
592
840
588
591
632
375
695
875
697
931
633
909
702
567
825
392
800
104
667
523
663
910
339
893
783
666
794
541
496
690
746
749
714
777
609
378
849
513
711
900
378
685
622
811
694
839
764
509
848
761
811
425
630
833
961
805
666
594
516
851
141
720
762
936
840
910
701
942
596
449
790
898
636
415
556
518
766
527
531
583
800
810
477
973
809
419
628
869
831
960
565
797
896
719
534
810
811
542
711
366
635
554
463
740
655
657
535
752
819
795
496
473
498
804
539
522
675
935
664
599
818
589
797
549
943
524
713
739
607
831
641
917
677
905
320
642
885
621
743
590
673
829
430
720
450
650
670
618
442
576
906
683
924
563
512
701
748
789
819
441
836
877
951
843
110
701
836
597
622
260
663
723
714
343
557
765
641
846
580
455
935
741
567
870
866
637
670
596
168
837
516
530
878
775
791
761
866
389
858
931
492
574
451
168
837
904
711
850
641
789
896
582
692
860
582
863
752
673
700
372
648
832
473
596
643
711
734
483
771
609
971
986
736
705
429
633
985
765
950
974
140
681
823
864
818
648
502
577
521
829
705
459
743
708
948
757
721
793
751
427
623
832
821
765
541
503
805
605
750
841
554
626
706
450
691
861
816
484
108
954
799
621
286
771
866
818
805
656
551
333
926
770
774
671
266
846
656
706
789
926
790
541
585
373
942
944
578
886
743
547
890
940
844
794
385
639
603
763
697
803
683
965
665
282
730
262
668
932
934
293
736
764
516
691
620
552
547
740
782
662
858
891
657
437
963
754
712
819
759
793
742
677
532
791
922
694
691
387
916
673
545
748
955
595
801
794
896
553
878
736
491
427
819
835
332
850
963
768
476
501
920
824
649
906
945
413
586
431
776
464
615
592
695
648
704
751
629
778
613
606
677
814
780
887
678
536
913
644
850
911
683
717
635
557
345
727
740
991
467
675
814
503
584
657
966
945
905
741
976
582
840
418
636
365
762
795
371
812
195
734
675
821
642
357
784
797
585
484
764
944
741
483
585
652
976
338
786
496
742
912
816
546
662
715
920
524
924
921
962
453
843
614
240
584
815
344
822
608
427
896
855
937
715
584
911
373
285
878
586
664
646
780
665
992
848
715
678
884
865
546
441
744
399
419
770
831
638
236
758
618
716
749
470
738
954
784
400
491
840
706
647
794
452
666
620
391
883
484
954
743
824
526
757
590
802
670
662
546
714
392
927
889
627
758
689
822
639
951
700
844
610
698
392
626
752
461
473
971
741
671
729
452
599
740
637
881
862
682
888
813
884
712
882
704
882
585
867
775
844
912
610
861
502
602
203
838
593
611
965
792
682
827
855
535
562
278
816
663
847
385
790
783
596
802
622
738
421
732
520
812
902
865
608
171
875
546
820
743
604
652
605
667
717
600
857
580
646
925
736
691
708
904
939
764
729
597
683
803
822
760
768
448
626
631
542
797
817
506
677
871
612
791
845
781
738
792
750
776
790
771
459
690
750
691
823
819
546
464
820
667
498
680
702
512
759
479
448
627
796
797
814
500
888
967
586
802
476
731
529
684
781
618
227
724
330
813
775
827
324
449
559
635
689
867
597
353
522
674
423
814
678
651
806
772
728
796
828
815
783
569
828
684
409
963
729
764
430
745
781
811
464
833
655
558
241
345
580
716
653
721
839
869
740
626
687
915
718
828
653
661
831
644
722
651
667
685
898
684
694
939
925
743
790
624
598
721
904
683
732
500
470
533
644
806
688
719
916
681
411
758
661
672
843
700
923
793
792
512
475
848
887
194
692
930
908
619
863
737
443
876
779
684
793
643
575
427
292
795
585
366
673
455
710
978
862
515
566
562
942
891
666
281
711
896
815
831
595
929
398
932
496
778
541
882
909
898
904
933
437
601
722
768
862
983
740
639
660
925
724
915
759
435
963
928
652
438
929
960
508
864
783
316
678
919
901
376
697
346
858
894
834
450
756
817
681
378
700
815
506
821
484
285
894
624
980
612
652
470
577
897
980
838
586
727
118
649
625
836
699
970
666
802
834
851
924
552
769
535
606
804
642
948
838
667
596
598
597
483
911
687
876
750
860
546
592
749
337
470
528
347
814
692
515
807
859
714
898
731
614
500
335
810
431
333
730
446
594
563
689
684
408
448
479
673
845
875
722
660
957
697
508
626
887
544
344
643
559
364
829
806
527
718
772
637
587
545
544
567
718
765
818
597
884
730
873
761
715
849
637
297
931
843
860
723
795
703
609
870
792
890
291
650
765
546
698
249
745
763
557
467
871
727
639
817
621
646
884
921
640
855
570
973
842
664
603
553
679
924
780
656
815
805
607
457
718
620
605
641
718
610
924
779
604
716
633
804
951
428
759
632
420
801
857
362
905
455
768
583
781
474
888
692
362
453
622
654
871
794
942
576
829
492
613
714
985
867
932
612
817
585
927
852
536
781
720
849
839
723
649
400
310
672
941
768
566
892
469
741
488
990
786
820
745
950
593
716
726
794
854
958
595
652
886
841
652
802
574
929
664
907
849
581
915
904
610
677
787
694
672
466
675
765
742
645
832
421
480
772
493
615
830
589
656
805
933
172
396
624
737
531
770
879
697
420
471
862
417
883
789
277
863
545
394
938
802
832
542
626
447
877
975
717
504
183
764
361
270
915
821
823
895
618
752
601
658
770
829
537
268
953
425
647
964
674
417
774
583
749
783
966
918
804
691
544
852
848
691
881
450
732
940
918
381
922
671
632
660
539
726
729
481
779
865
412
625
420
953
528
766
902
864
714
438
627
809
404
501
503
939
607
577
827
885
422
595
965
794
768
830
944
584
667
721
786
769
446
696
592
727
412
590
792
523
756
328
655
556
949
504
201
814
682
235
639
898
706
421
751
421
611
506
908
387
816
677
716
633
412
908
758
694
731
389
935
532
939
447
712
706
863
939
508
728
920
799
780
818
850
689
610
712
938
589
929
784
506
459
445
653
330
808
529
952
679
814
566
503
868
682
457
451
908
668
767
892
613
570
433
723
469
779
404
666
605
574
477
632
836
781
737
916
746
808
836
553
769
673
720
726
322
690
904
647
439
911
701
743
939
719
653
977
830
798
899
761
655
705
625
896
926
443
851
375
733
572
366
815
652
738
837
408
833
790
573
920
852
404
158
376
834
666
630
646
729
675
852
710
839
871
548
758
468
914
610
840
850
743
516
914
823
811
874
578
878
987
917
590
520
693
905
706
805
816
688
806
854
369
782
578
631
829
450
875
877
830
974
421
567
909
633
681
745
802
830
317
952
677
649
325
805
795
375
482
516
338
716
500
871
540
869
805
662
895
589
640
948
633
896
921
774
797
305
415
867
519
697
551
668
960
885
626
409
651
856
808
687
783
663
400
468
715
718
686
841
767
652
700
882
344
591
511
735
537
796
841
517
500
751
734
736
622
776
908
712
634
625
806
681
614
805
644
718
862
798
647
594
490
941
726
511
649
706
738
676
501
832
708
833
855
728
433
561
428
455
664
815
720
758
598
406
698
950
733
900
908
615
720
700
729
570
790
771
431
640
371
903
818
685
851
693
763
883
794
770
684
625
821
800
753
679
832
610
602
741
764
678
933
382
847
588
666
877
678
789
689
791
824
869
954
713
768
797
748
509
663
727
773
787
573
984
303
610
765
660
545
422
735
528
821
833
682
861
484
912
577
629
476
949
435
681
558
612
520
569
756
661
806
785
752
802
694
750
795
516
687
855
796
736
427
800
968
723
380
790
379
735
802
831
794
816
734
489
781
906
886
439
720
833
609
635
864
965
716
759
919
950
758
577
360
843
868
893
538
921
911
621
854
881
694
761
575
638
823
846
349
739
800
562
914
885
467
945
300
824
663
701
430
306
838
466
856
55
452
713
683
912
813
637
863
608
769
991
742
973
992
935
476
748
860
900
575
720
887
711
555
852
848
456
941
824
544
930
550
834
726
560
734
694
712
785
857
873
778
657
388
492
677
840
446
819
337
388
670
833
813
593
907
757
630
633
565
338
668
699
870
421
319
462
307
497
394
482
724
681
408
854
284
519
974
520
601
813
725
819
679
479
782
694
400
905
356
87
937
725
533
727
626
504
806
821
754
847
822
588
595
550
622
869
775
490
879
367
778
662
885
758
588
714
850
668
744
475
589
537
952
705
934
729
669
926
775
521
832
884
610
461
631
695
752
716
936
517
447
715
829
744
387
901
655
791
846
677
370
650
905
780
541
793
883
372
761
578
695
737
687
737
664
719
926
464
594
883
791
849
896
603
741
736
868
227
551
547
767
937
620
819
654
397
781
520
683
690
949
559
503
827
848
646
685
829
784
637
867
943
979
935
747
889
805
866
714
643
951
399
930
908
231
765
848
894
934
393
685
895
707
803
906
745
917
674
492
913
988
762
477
760
204
337
782
766
740
751
607
440
831
723
684
690
401
924
417
551
265
904
279
899
793
774
592
604
803
869
143
516
572
260
386
665
504
734
539
488
655
816
682
498
698
868
819
862
814
629
525
940
724
815
725
706
528
313
609
517
884
517
891
779
606
471
462
614
665
671
500
776
743
433
824
694
931
790
705
568
607
842
610
371
672
952
788
700
307
822
451
879
773
474
769
797
501
713
535
689
916
672
579
645
904
786
850
809
833
727
931
619
580
485
749
536
254
853
505
782
537
622
496
841
857
433
251
866
597
784
962
526
461
474
414
541
915
339
480
882
899
780
467
649
765
285
742
730
592
892
921
469
654
670
791
583
647
708
741
718
793
912
678
919
847
848
892
812
762
747
522
668
541
421
829
781
650
461
615
719
872
566
898
839
745
312
449
604
637
877
286
706
247
697
774
954
769
185
672
774
749
525
762
563
438
891
711
797
887
651
317
603
771
399
677
694
915
722
819
740
772
666
727
811
588
778
881
855
975
777
621
770
848
519
886
514
641
700
650
787
469
935
530
932
949
408
644
849
636
808
664
696
896
691
750
581
852
805
866
837
716
780
612
270
716
586
962
700
559
242
683
732
475
506
717
813
779
836
859
784
724
605
953
916
709
742
216
886
982
698
840
673
824
814
604
780
737
759
978
866
623
809
584
809
820
884
658
734
855
687
813
746
794
739
470
731
562
739
931
448
649
700
906
745
765
809
957
841
701
846
863
616
598
482
718
824
804
959
634
235
672
605
977
958
595
701
770
599
618
824
820
406
769
769
559
945
784
860
874
642
515
614
824
859
578
542
905
692
855
723
863
714
929
888
649
750
780
739
791
430
580
509
698
782
485
631
900
659
446
910
846
862
543
235
924
653
682
903
407
741
755
440
631
808
838
514
861
851
652
651
732
903
580
616
670
530
215
563
296
542
878
626
698
939
498
758
753
525
631
596
500
885
950
804
848
554
711
722
826
461
958
787
933
560
696
796
747
708
864
469
743
758
690
686
917
776
598
416
819
742
372
264
255
437
726
334
877
643
679
536
777
641
745
811
559
668
697
877
887
974
842
735
661
563
551
902
886
669
744
137
728
709
707
713
816
922
761
855
924
855
602
662
447
696
868
813
526
522
121
798
627
695
235
635
452
637
729
558
884
849
487
263
530
907
798
467
728
578
863
349
785
745
852
836
881
616
767
834
754
656
719
653
835
669
367
746
586
959
677
662
626
749
689
972
621
734
909
942
503
824
907
945
877
693
746
297
949
934
614
350
654
793
704
669
645
917
756
710
591
671
876
905
758
764
759
919
775
532
825
741
772
583
697
758
441
720
879
684
867
788
757
701
622
519
729
846
790
856
420
577
996
518
520
808
796
816
611
851
728
810
709
660
840
841
705
711
448
428
670
635
651
680
507
913
601
947
836
630
346
622
618
946
445
694
301
599
723
737
841
452
680
875
812
750
578
638
654
946
524
931
954
719
714
875
626
521
582
880
791
549
695
767
867
275
764
651
576
556
553
886
822
417
656
323
242
913
560
502
635
740
778
835
930
562
828
979
890
661
810
623
672
615
665
886
560
700
540
663
484
235
644
808
950
597
747
773
671
413
414
845
975
940
751
763
279
845
711
730
950
944
638
851
888
414
751
661
811
816
653
866
727
639
382
416
847
430
837
687
820
745
966
492
582
803
754
958
745
595
488
612
630
879
559
812
649
547
874
314
755
552
888
789
638
791
594
777
552
596
762
950
813
775
595
967
877
447
795
369
877
572
842
502
533
734
614
769
823
776
759
308
596
563
510
596
660
587
644
809
587
762
763
673
990
351
688
505
730
832
942
487
638
759
825
780
695
752
827
645
573
901
882
592
741
688
639
824
772
931
777
640
700
486
576
861
755
800
532
730
