119
154
516
463
392
370
248
431
188
237
163
177
229
236
323
553
113
254
60
213
111
410
175
168
184
187
163
299
511
278
181
100
142
92
165
94
95
203
365
133
633
269
330
211
241
360
300
162
389
135
564
206
415
124
368
348
428
136
319
260
216
167
258
270
284
446
70
516
287
159
359
117
230
654
208
191
327
179
119
169
157
304
242
275
153
127
146
123
107
461
310
140
328
298
116
315
324
140
280
316
84
55
272
378
517
250
374
323
183
578
321
273
253
306
180
263
139
75
162
300
216
734
469
256
572
84
362
112
394
247
163
347
333
265
250
180
216
301
340
252
49
391
200
120
322
207
173
169
74
280
158
201
454
61
72
224
40
186
365
149
243
419
239
443
242
498
144
160
233
69
320
140
356
462
144
369
228
550
395
201
213
137
246
85
356
320
269
200
337
238
302
317
464
567
307
164
279
111
198
78
160
203
187
303
202
264
299
206
399
268
405
18
187
206
354
237
225
120
233
284
281
361
482
252
205
259
324
75
103
163
355
549
179
311
207
187
319
374
308
426
256
198
145
604
298
386
307
442
109
134
133
141
349
226
201
162
153
106
262
169
586
215
183
409
229
158
178
208
244
205
151
489
155
303
334
253
153
280
158
346
300
185
223
120
341
248
475
264
123
154
456
569
214
397
458
276
513
230
303
268
198
178
44
210
313
257
152
200
92
176
456
562
147
491
277
279
440
240
383
260
131
332
682
328
86
185
316
73
116
323
209
481
170
179
130
299
238
236
250
265
210
278
213
101
241
179
351
360
311
400
162
132
154
471
57
379
350
443
189
96
56
410
199
167
380
232
148
624
373
238
283
255
382
269
130
188
321
202
119
244
109
287
318
313
133
215
214
223
161
325
508
429
195
316
479
343
137
547
151
216
222
354
308
250
280
189
281
510
146
291
123
187
272
274
334
149
198
791
175
188
335
479
254
310
382
103
565
191
203
240
215
224
475
367
266
139
456
323
342
355
66
137
284
195
146
124
323
374
314
347
314
480
138
344
209
235
385
311
230
371
252
548
172
200
213
188
291
352
383
124
344
189
141
314
268
347
460
339
139
304
311
62
329
180
652
141
251
221
432
348
291
264
79
246
122
260
373
390
425
263
106
442
372
122
136
151
397
309
146
437
182
382
415
287
179
132
243
268
338
215
371
332
335
301
253
212
235
596
370
123
541
181
282
250
324
152
41
127
469
354
327
159
292
518
322
685
457
335
326
433
179
261
268
398
229
98
311
162
130
299
259
79
559
192
215
662
265
134
255
282
565
259
298
257
135
291
122
61
118
138
142
59
212
157
516
327
293
339
217
162
224
489
193
450
338
219
377
243
148
363
260
108
415
176
554
587
173
223
243
220
394
34
197
43
72
147
178
130
220
320
293
266
119
164
248
99
482
266
137
270
196
244
141
283
134
198
282
52
197
324
270
376
251
242
250
230
293
399
323
239
256
231
253
159
163
431
219
177
14
279
209
369
179
333
302
242
182
323
100
140
219
83
389
251
583
318
216
338
189
262
276
441
229
53
350
157
580
165
188
270
167
333
230
231
271
323
250
188
153
467
105
255
374
94
389
262
146
389
358
151
96
659
391
359
210
39
287
159
472
481
494
343
257
297
201
486
303
123
148
369
270
154
234
116
471
81
166
252
362
326
307
155
350
95
378
121
450
284
172
308
307
134
111
270
186
287
586
117
193
394
501
351
168
123
157
199
516
545
325
90
313
345
274
171
134
329
70
87
291
161
475
224
544
82
394
210
122
124
314
56
28
168
120
270
169
594
124
158
244
201
419
100
124
23
183
71
240
200
426
136
149
279
281
60
233
197
121
76
156
160
192
667
182
242
382
268
197
214
198
327
350
589
144
73
170
118
290
317
269
87
432
211
263
175
215
147
270
280
177
365
176
119
302
411
402
306
378
183
284
171
166
318
218
413
339
359
117
417
197
170
129
365
407
172
70
269
673
95
314
228
166
157
87
303
117
699
339
247
183
210
546
99
172
341
322
454
88
39
332
251
287
149
431
193
265
171
136
160
474
311
272
234
270
151
142
167
148
127
151
229
275
416
302
289
243
155
99
211
264
325
218
218
136
231
360
161
186
294
190
322
190
262
295
208
160
263
394
309
283
48
19
333
135
281
228
267
398
244
273
417
324
121
183
290
475
315
332
73
373
525
385
239
196
169
245
373
208
383
91
209
217
331
177
211
332
290
277
120
491
180
310
181
268
74
316
229
214
522
212
310
54
209
133
119
321
304
229
356
199
325
192
308
343
394
262
104
228
147
151
171
166
399
196
248
323
156
341
277
282
232
150
593
132
185
230
203
260
235
287
299
579
396
87
153
526
418
78
196
206
241
167
376
236
202
200
219
476
213
133
41
324
406
269
299
276
342
267
563
234
123
300
293
331
134
268
159
420
200
182
77
404
341
283
451
105
73
217
166
197
192
411
382
259
598
334
218
136
232
225
234
217
403
171
141
174
160
339
263
294
266
238
172
343
303
74
238
222
168
322
66
330
155
307
263
333
206
268
590
206
391
85
157
205
419
146
205
123
135
173
87
176
325
132
78
207
294
75
196
300
115
330
241
141
411
329
44
399
283
256
407
142
378
348
123
216
185
234
95
312
123
255
261
331
176
231
617
311
230
47
145
98
503
238
271
297
187
67
364
144
291
214
180
221
221
332
276
268
215
780
208
205
242
183
320
270
349
456
276
283
118
248
390
117
334
182
279
119
168
413
402
356
216
361
164
182
248
216
396
347
326
307
370
169
86
478
135
313
426
328
175
178
634
116
153
430
471
166
242
324
350
323
112
294
315
237
260
194
77
337
206
494
144
284
114
113
335
195
174
277
193
211
355
375
251
52
316
320
402
248
98
383
379
489
190
385
336
134
117
125
187
167
166
280
54
152
318
141
446
133
214
487
97
311
148
283
248
336
128
87
358
181
72
444
91
192
236
164
508
84
174
562
139
304
633
272
282
116
237
269
599
592
158
166
72
269
44
140
128
109
159
202
354
184
345
93
96
521
142
117
621
236
193
222
259
271
275
161
237
93
213
246
202
42
261
338
140
259
130
355
318
113
67
168
408
210
369
77
362
173
186
107
212
475
375
395
109
76
164
405
175
152
352
164
671
251
308
218
190
354
262
76
293
331
48
609
535
392
311
160
376
194
171
252
582
302
55
164
285
231
227
638
357
252
402
35
307
83
194
199
349
274
92
225
103
245
166
269
554
367
198
179
144
544
189
256
237
78
142
349
492
244
303
216
129
197
400
254
411
235
323
286
394
298
410
148
386
300
534
270
170
168
119
28
123
480
257
312
168
433
211
194
77
201
76
352
144
251
200
118
173
160
326
289
245
218
271
336
256
334
347
526
320
252
142
409
336
277
132
264
239
178
216
210
357
199
308
162
377
362
258
299
210
114
311
682
289
243
392
450
219
287
85
97
56
177
133
267
409
201
233
127
255
228
254
172
216
297
94
417
242
345
386
319
170
296
365
200
139
247
237
291
107
91
263
296
155
389
524
48
193
387
230
696
356
386
399
200
347
251
390
24
199
33
215
296
323
161
294
355
283
404
287
195
182
374
401
722
208
233
255
102
230
372
117
192
436
226
169
204
94
124
251
147
158
118
205
85
100
101
275
264
253
278
186
185
309
229
174
165
135
200
203
126
137
126
431
120
222
370
200
155
278
251
47
44
94
158
157
152
579
343
188
161
477
386
125
225
179
342
258
165
132
345
179
226
276
250
128
79
147
385
193
246
167
135
201
407
189
233
178
280
212
314
398
194
269
117
198
440
673
197
629
240
263
324
236
320
189
254
440
294
492
387
209
306
259
376
275
296
144
179
169
261
206
476
347
257
225
182
27
124
269
156
271
147
317
388
358
179
79
134
295
400
246
182
118
144
264
207
520
98
278
203
399
162
718
443
216
323
295
223
338
394
313
441
149
201
258
270
394
204
125
259
421
81
575
282
249
233
216
324
112
186
385
234
273
30
424
156
171
226
426
245
698
85
193
120
111
200
287
341
212
119
375
110
122
424
242
117
490
238
402
399
100
113
139
194
40
187
233
308
241
91
295
365
174
135
109
309
338
247
149
105
117
79
154
273
123
181
92
299
522
463
144
229
297
374
460
354
179
349
109
92
171
177
207
275
193
124
282
265
96
133
170
338
317
380
287
643
138
144
259
365
414
270
392
168
211
226
267
395
189
329
141
542
241
318
341
754
144
123
270
337
173
155
185
188
86
230
247
300
386
266
236
250
313
275
650
220
174
108
76
377
364
264
374
141
359
74
348
124
118
207
83
222
416
347
164
310
101
503
379
318
422
254
244
242
198
387
242
281
238
197
422
199
252
375
327
491
148
267
107
104
720
239
323
260
522
158
301
149
261
227
289
243
26
280
360
174
445
248
379
150
326
318
277
263
129
99
294
315
219
170
89
32
59
177
202
276
372
130
215
274
230
420
197
326
308
438
92
551
26
313
365
201
501
583
181
147
114
337
196
222
521
141
203
61
330
338
281
310
388
165
370
264
170
253
207
178
614
218
138
289
451
306
300
227
313
279
118
130
144
359
193
187
468
293
230
334
526
231
380
381
410
155
221
222
232
273
151
321
128
191
216
292
372
350
120
543
277
246
200
88
662
392
119
120
117
279
407
161
240
153
223
326
136
184
265
165
132
135
109
374
184
50
600
279
316
177
250
165
160
321
270
167
180
475
55
267
431
320
170
232
328
192
390
146
196
145
285
378
454
155
226
476
300
352
470
138
394
160
328
87
371
368
292
385
440
187
64
60
249
214
343
350
233
199
129
91
118
100
233
275
287
277
237
226
393
286
190
404
208
401
103
265
113
111
170
331
346
246
453
162
430
160
456
358
196
146
255
374
509
512
256
264
208
216
451
207
395
202
24
270
280
277
190
270
677
288
362
285
241
386
246
197
150
478
461
377
176
315
365
257
155
275
122
291
297
400
499
337
163
141
73
109
256
433
83
398
327
529
220
282
295
337
171
233
459
164
177
206
384
269
144
286
253
570
176
355
145
210
275
125
290
153
271
237
23
267
105
308
274
173
123
498
182
178
311
115
154
260
221
465
197
191
431
180
131
280
445
218
105
395
127
276
310
301
270
302
246
232
168
409
270
367
266
85
245
195
95
388
129
288
497
403
237
150
44
254
445
379
348
306
226
112
197
274
648
236
290
484
379
149
137
379
338
458
393
245
745
353
200
441
286
104
242
284
154
365
277
442
212
436
93
283
268
369
97
106
344
316
141
197
220
130
207
38
169
173
573
130
452
373
128
214
105
126
450
281
107
178
217
272
106
148
657
369
64
319
273
145
141
152
476
223
53
179
189
193
185
256
257
270
55
215
449
384
278
332
269
207
520
288
294
225
413
183
249
309
152
207
170
275
208
537
350
112
369
266
267
171
242
500
167
227
212
286
212
318
99
194
354
309
166
439
563
462
306
556
224
308
466
219
520
308
588
323
302
140
319
422
253
232
152
177
327
355
27
254
403
331
154
314
137
303
182
91
133
535
250
435
331
295
141
97
165
401
157
115
125
135
272
237
181
208
539
128
361
433
358
236
395
271
91
612
190
534
211
471
162
76
284
354
440
212
488
218
330
512
138
612
229
124
383
379
282
207
348
231
232
237
145
232
548
74
545
337
142
214
305
119
264
104
148
261
181
231
246
325
339
217
192
378
171
152
82
208
145
286
103
495
253
18
350
325
367
309
444
268
150
152
128
253
312
217
363
220
250
124
163
277
27
65
263
146
30
256
54
482
391
187
238
351
498
485
161
306
236
63
285
119
214
122
137
343
219
205
153
209
194
450
154
174
185
111
193
217
421
299
205
373
216
283
257
405
385
567
473
101
673
211
306
418
37
174
188
611
390
111
209
259
337
121
169
96
327
103
195
139
165
204
192
144
241
192
308
376
408
78
219
150
514
286
83
236
123
220
74
198
182
210
163
289
382
189
331
434
307
188
313
187
384
367
320
188
231
311
178
287
369
405
528
184
242
218
90
310
387
295
162
313
288
290
485
70
367
194
215
149
148
241
181
200
187
85
468
178
138
459
362
168
416
98
336
266
182
59
201
539
224
274
374
271
159
317
305
603
203
149
403
113
151
493
220
210
280
464
380
266
270
234
306
399
317
304
278
287
145
127
184
255
391
501
455
220
221
182
136
386
218
348
326
490
304
196
71
318
145
127
400
479
225
462
273
381
56
238
246
252
279
414
328
77
236
226
259
212
395
479
101
101
344
405
200
194
63
277
132
316
94
335
103
55
211
576
470
30
285
346
147
131
215
305
301
346
275
321
91
374
182
327
239
213
196
253
501
332
342
84
329
83
222
290
174
144
347
245
172
469
350
251
161
142
436
163
63
144
291
105
374
198
96
258
341
258
158
492
446
379
91
214
215
190
358
344
317
140
289
363
105
346
350
409
187
265
68
252
138
224
292
80
131
83
275
285
112
547
401
346
83
499
141
547
138
351
166
57
514
46
290
260
151
56
219
418
221
191
184
293
225
129
468
281
303
477
61
121
131
237
387
407
188
413
233
174
319
233
246
281
244
85
167
230
414
324
157
166
258
126
166
243
296
375
535
176
233
172
559
184
365
103
246
237
307
446
321
444
214
163
390
485
205
266
520
136
305
250
630
559
287
149
85
227
354
358
183
328
404
109
265
213
314
162
330
309
162
236
248
384
245
174
149
136
151
271
125
183
151
69
725
367
178
199
253
229
173
200
144
247
123
226
384
334
227
129
391
204
196
477
98
168
208
173
392
515
210
538
192
150
335
295
124
264
334
137
53
170
263
137
340
202
175
307
397
108
454
270
105
273
170
287
172
257
330
195
213
242
389
183
211
358
123
398
221
195
228
253
445
291
171
442
562
301
461
124
320
608
272
270
338
465
231
97
69
288
264
620
110
136
121
578
155
168
256
270
111
281
377
181
343
480
262
377
179
249
255
713
298
243
305
319
480
117
115
202
160
544
178
372
74
315
214
216
379
277
487
203
433
226
520
198
262
502
479
203
213
180
587
311
257
337
283
375
420
389
165
124
269
202
174
285
285
156
156
281
174
93
169
194
226
377
287
303
123
361
178
445
157
246
184
176
271
235
575
213
172
327
192
371
248
201
382
192
308
400
241
334
249
514
167
221
255
506
310
195
136
368
380
233
411
201
701
239
220
467
339
567
192
479
110
346
225
330
277
409
128
222
308
402
446
117
311
374
141
113
155
202
387
203
199
208
66
265
112
151
109
254
207
225
71
400
315
48
380
314
62
423
354
112
140
298
241
301
191
483
247
351
127
628
171
393
100
379
291
89
225
290
239
337
105
147
226
285
256
271
577
218
204
251
323
312
278
331
271
334
274
356
353
207
264
222
107
204
163
658
262
399
230
359
375
219
234
276
240
304
388
505
114
151
250
4
343
138
245
158
296
328
399
240
71
312
655
270
624
65
93
401
185
381
156
244
324
329
223
331
104
257
195
295
63
227
572
295
407
133
203
238
204
249
410
326
376
254
147
219
174
260
181
251
723
361
111
350
277
130
77
293
61
247
372
191
347
309
233
468
165
117
105
198
213
284
314
196
346
277
278
431
370
121
207
347
72
130
406
133
78
368
226
86
317
409
161
164
436
372
113
24
133
192
249
342
72
137
252
513
140
233
435
259
548
128
154
400
264
221
122
163
201
645
157
277
367
214
314
202
240
421
120
84
151
224
77
201
182
511
208
169
336
189
107
349
451
232
241
153
143
401
323
195
109
175
275
341
197
209
330
139
320
232
168
249
352
231
240
230
231
222
155
195
237
429
517
258
128
115
415
325
274
320
513
347
126
364
112
344
313
169
458
166
79
234
38
236
87
271
252
317
357
392
288
317
249
308
176
282
114
275
256
564
486
291
434
292
166
466
280
454
172
554
230
433
341
223
275
318
406
261
350
420
363
331
255
157
352
197
106
461
306
210
234
313
108
345
141
418
188
247
424
212
253
220
314
164
303
302
690
174
357
108
195
169
220
586
577
262
248
164
397
199
294
221
258
302
177
275
307
156
236
276
404
241
176
89
58
122
167
299
138
222
84
457
121
282
428
153
299
282
331
308
411
390
332
224
281
56
306
272
527
442
261
123
308
245
35
297
165
358
109
352
103
154
170
254
406
317
256
203
398
303
521
194
246
269
116
112
314
202
235
85
113
104
268
295
97
332
47
275
349
353
319
282
212
188
349
131
221
35
243
360
484
130
188
84
464
422
309
301
310
375
298
211
378
144
466
551
160
177
496
271
183
211
96
273
89
186
277
134
132
473
333
102
473
441
373
253
448
67
97
126
378
164
262
418
329
479
494
173
185
159
98
297
299
154
224
130
159
533
96
393
207
280
286
474
268
168
261
172
183
125
234
47
482
94
450
57
284
280
34
179
385
237
277
138
524
639
254
106
110
377
374
163
126
214
200
195
123
90
486
293
61
361
150
141
189
196
228
174
121
209
177
169
230
305
391
328
145
112
289
233
462
227
199
228
193
98
159
565
121
370
151
248
573
206
381
209
159
258
301
135
390
349
207
454
235
173
268
214
181
255
208
425
224
527
140
189
202
197
165
180
328
37
132
1000
534
407
123
248
235
135
349
228
286
214
141
380
101
123
117
215
86
201
138
121
342
327
152
314
159
103
405
265
181
382
130
296
630
80
91
188
245
63
165
226
203
106
243
132
274
325
97
371
317
395
362
461
222
322
338
179
210
319
119
346
268
205
339
132
234
202
266
74
144
213
279
92
273
312
101
233
275
206
319
227
429
125
438
365
195
458
170
463
393
318
120
172
402
395
245
160
232
297
189
325
262
183
137
102
158
496
166
243
198
211
340
102
258
156
242
176
154
371
131
108
282
183
147
198
276
241
315
101
263
401
284
445
273
222
322
180
322
218
57
281
291
251
513
259
329
326
266
419
218
368
257
54
160
30
274
442
228
706
358
309
149
310
372
245
82
142
216
443
178
356
195
322
322
73
125
304
256
91
408
109
274
100
117
250
648
296
82
312
203
215
424
377
386
98
477
209
122
267
355
200
412
510
232
276
119
232
192
224
357
224
364
218
241
348
149
242
215
137
182
313
523
162
456
377
372
281
95
242
276
207
418
285
293
484
159
604
113
125
220
171
85
294
152
130
404
249
216
332
246
260
284
195
186
435
175
651
345
252
200
147
244
561
169
244
218
374
221
231
551
489
94
230
394
221
188
241
811
237
358
153
457
234
105
106
352
189
80
73
174
214
222
76
370
232
581
131
407
128
251
144
452
537
124
122
91
357
360
108
233
426
333
187
131
204
451
151
321
318
184
241
181
248
163
336
223
27
308
248
106
142
217
253
50
162
442
102
88
241
478
364
245
431
505
167
168
177
309
226
190
212
144
290
313
301
311
300
255
303
222
374
135
273
140
103
359
319
240
162
368
94
386
260
208
261
141
280
243
346
204
121
256
118
264
285
267
417
40
442
115
220
155
448
455
382
179
262
252
328
404
316
190
352
221
501
231
381
498
371
66
338
208
277
355
126
242
187
489
139
134
190
381
336
297
484
171
211
466
367
168
272
144
113
209
288
394
329
191
156
84
242
189
298
248
280
320
259
295
473
192
519
228
121
266
93
157
158
262
161
227
84
247
327
360
123
144
232
116
200
174
338
392
502
283
74
350
365
270
108
223
766
409
357
531
151
329
399
570
99
519
309
171
274
360
286
263
190
86
385
413
25
310
489
118
338
244
289
174
201
323
517
493
246
513
175
697
137
132
61
192
142
276
191
260
325
448
144
219
205
108
430
182
277
309
433
127
219
156
159
109
236
160
204
92
380
230
198
94
202
287
28
311
300
121
190
312
110
410
289
152
270
277
124
212
121
276
452
222
335
288
167
259
100
397
276
119
153
157
311
180
194
85
260
217
278
115
347
396
202
375
429
251
140
157
154
586
407
456
164
150
321
339
98
426
330
143
405
361
376
61
216
220
566
212
192
372
224
144
122
328
243
346
232
354
215
198
137
369
293
347
163
229
450
171
351
414
310
659
254
92
205
315
158
258
307
147
144
77
429
258
124
279
196
69
284
289
229
541
319
182
274
154
151
460
402
443
121
268
278
222
211
203
210
190
160
144
334
313
82
380
169
678
124
245
400
206
148
253
393
240
374
309
429
421
202
154
33
274
394
340
333
200
311
79
180
277
410
375
182
449
227
189
352
165
417
192
390
445
191
169
266
362
103
590
232
208
219
259
200
301
251
193
432
289
381
314
484
430
449
189
296
222
310
19
225
426
183
343
263
280
96
183
67
202
412
365
161
301
130
319
223
252
33
90
554
324
494
220
227
41
313
174
659
222
93
84
339
155
183
411
250
288
602
120
202
497
169
114
139
369
216
38
115
315
387
124
168
201
110
191
420
242
267
305
247
366
234
272
282
109
210
328
345
110
195
137
100
214
329
329
237
294
84
139
130
295
497
162
249
128
120
582
301
89
153
135
130
244
204
166
257
127
17
160
171
110
249
165
204
431
278
333
24
364
148
375
188
409
266
405
72
160
365
332
485
174
563
171
446
173
113
155
262
313
278
535
76
459
516
607
354
56
324
394
269
399
262
171
215
107
236
186
190
373
135
257
190
444
269
574
62
174
235
268
119
426
391
193
147
159
182
305
268
108
299
277
412
46
228
314
226
211
182
234
488
343
171
38
182
172
320
391
161
341
109
211
153
148
100
171
459
281
115
159
486
274
268
180
392
392
415
47
322
234
152
193
225
367
430
489
437
147
325
298
407
501
332
179
101
343
106
116
624
222
213
407
80
273
420
394
407
287
243
212
249
158
272
395
372
72
400
178
193
228
462
137
182
207
186
369
155
197
435
707
188
215
172
258
258
153
335
153
285
248
293
575
56
433
203
178
170
469
731
312
333
226
321
460
166
79
125
407
93
356
131
56
336
347
105
127
472
488
275
197
447
689
230
207
235
471
366
77
267
328
223
294
270
243
187
487
252
412
291
122
588
219
361
212
141
296
376
95
233
286
429
315
197
219
75
426
321
287
222
227
188
358
45
355
526
416
208
458
322
372
147
317
398
306
351
354
134
136
229
334
407
113
272
314
318
167
291
131
131
316
66
230
120
379
211
138
245
175
121
353
326
133
193
446
220
277
212
174
292
167
176
229
239
359
193
345
192
229
284
460
237
100
321
181
21
233
372
153
455
90
261
304
209
415
412
403
280
136
458
151
385
255
238
121
298
210
560
51
171
332
305
149
185
202
196
304
281
222
345
356
193
139
464
450
129
75
484
347
237
565
180
387
296
289
620
415
307
104
147
338
466
431
196
724
291
282
193
185
200
455
265
204
935
317
166
102
291
459
107
324
235
464
24
180
563
267
251
479
466
247
111
184
408
269
420
457
165
244
290
486
270
301
378
45
200
506
208
88
303
101
143
262
109
310
413
384
193
319
225
306
280
182
643
224
237
585
364
231
326
524
369
225
183
263
200
128
196
313
450
220
228
157
86
207
495
99
76
651
151
276
239
91
157
276
235
175
114
361
355
224
396
240
187
229
172
125
213
25
143
149
285
308
386
322
214
200
115
331
335
246
198
94
258
392
227
244
197
156
412
529
175
470
345
333
218
288
355
248
428
379
196
401
104
262
405
260
242
542
358
273
77
347
344
236
259
339
390
399
234
78
212
160
97
196
298
510
105
162
181
259
226
456
204
267
268
190
302
180
192
228
243
71
138
218
196
389
205
250
332
212
96
94
243
448
235
38
341
311
132
320
415
137
290
70
442
327
257
113
243
284
212
305
189
197
265
206
112
149
260
337
187
275
62
353
393
335
129
223
403
232
181
207
174
119
68
430
271
188
412
253
119
49
133
396
376
77
273
291
240
78
238
76
277
73
243
187
343
143
302
215
313
189
163
99
235
210
116
375
416
249
232
187
871
407
352
147
224
186
347
310
372
351
250
196
144
262
242
247
353
125
220
249
242
260
226
80
475
373
355
601
125
183
181
326
265
262
87
654
237
188
489
343
92
225
419
267
365
174
219
243
263
335
355
220
235
292
536
198
176
103
110
261
546
297
254
326
225
174
320
369
348
155
193
266
302
121
271
261
165
101
207
26
347
222
226
166
192
384
230
233
165
127
225
63
83
139
208
94
240
155
288
219
234
139
244
232
150
200
237
340
134
304
235
261
155
211
136
508
400
154
258
323
111
487
264
212
211
474
406
344
216
223
43
329
168
223
191
215
152
125
466
367
295
295
269
279
346
198
217
446
474
46
181
193
236
185
243
246
71
382
401
225
224
180
168
305
47
521
35
218
449
291
230
221
374
123
196
301
244
191
161
168
258
160
311
189
90
224
460
330
291
228
235
215
225
360
522
469
263
147
128
235
112
279
172
144
162
192
387
516
88
178
187
104
124
277
296
208
199
361
120
343
226
367
224
469
171
286
139
193
213
43
98
216
524
56
168
145
233
78
182
109
196
157
88
157
259
246
164
717
192
141
231
204
219
255
163
177
181
428
270
249
151
398
214
448
333
102
118
462
191
332
186
99
403
188
116
121
306
521
54
208
368
185
262
624
253
335
170
160
225
275
413
185
167
364
300
149
164
668
404
240
97
252
403
271
90
370
292
112
516
694
111
346
196
229
179
499
270
85
159
475
260
518
245
121
242
329
216
31
366
182
82
324
292
124
148
141
129
172
473
193
171
302
683
190
174
181
345
315
153
656
67
145
183
143
310
280
214
197
98
187
242
388
483
796
219
300
312
187
193
142
303
145
115
423
160
92
253
160
296
378
260
506
695
497
203
188
247
137
125
145
87
226
43
296
95
266
121
74
235
386
253
510
284
519
390
211
264
338
221
279
149
228
390
438
195
211
246
241
623
114
359
250
142
164
217
226
232
867
415
242
184
197
121
242
215
237
252
348
499
178
46
407
186
170
480
381
424
268
179
91
43
225
175
473
333
54
351
300
550
228
379
464
276
461
289
595
75
260
165
479
458
182
271
111
116
337
398
256
263
133
413
426
137
349
217
199
225
158
398
225
369
215
706
134
673
265
99
181
112
211
242
284
258
219
225
375
260
206
256
285
488
256
79
304
90
504
263
171
514
300
500
432
111
176
226
239
349
232
186
178
332
324
224
162
263
260
385
309
58
492
132
244
257
251
356
254
108
152
60
373
321
340
177
111
310
423
289
99
554
93
97
363
98
200
302
208
244
159
328
109
113
362
182
163
82
277
348
249
579
300
337
51
221
181
68
169
514
97
365
240
247
181
363
542
286
143
100
156
126
315
326
329
232
64
216
116
321
278
89
188
625
271
435
379
467
497
246
269
570
243
204
363
117
321
254
162
271
346
113
163
205
286
115
540
871
310
132
132
223
73
183
136
294
484
306
184
100
139
176
223
463
364
102
361
108
116
112
335
482
367
286
255
170
286
153
326
257
312
288
343
246
334
234
253
265
484
273
390
414
580
323
106
196
509
127
118
325
66
317
343
259
71
238
110
80
163
302
57
64
468
204
134
304
578
278
339
324
64
350
120
89
592
301
226
185
182
581
216
278
177
205
214
581
437
427
109
432
327
82
654
120
492
231
286
254
317
315
221
297
238
195
359
166
464
104
192
168
265
171
280
191
259
183
37
86
224
180
274
345
319
79
244
114
146
309
317
376
426
131
267
394
355
132
329
360
339
286
400
264
420
309
353
206
308
488
161
90
294
310
289
428
385
397
236
165
251
369
117
113
523
317
259
184
202
363
221
361
234
160
402
305
153
161
128
59
394
345
461
287
290
227
374
217
233
138
167
187
180
209
75
90
496
129
269
369
54
235
154
329
349
80
367
157
95
126
342
258
293
621
155
206
297
154
380
462
109
221
301
336
169
753
226
132
98
154
438
174
270
193
169
286
392
239
117
144
363
284
464
173
249
80
510
262
463
429
119
93
144
328
151
301
181
334
853
147
346
121
453
254
384
288
152
183
47
139
183
208
96
249
271
481
397
152
279
76
332
154
153
163
394
237
245
379
143
139
185
203
550
349
398
353
323
184
20
82
203
272
369
227
198
73
141
149
239
422
197
201
251
139
205
319
414
302
157
119
267
86
333
184
126
193
175
167
242
361
47
206
241
191
210
297
342
206
173
147
310
296
217
216
216
361
212
195
218
421
172
161
70
355
210
221
316
242
250
173
123
303
260
436
223
142
262
474
235
187
326
301
526
400
80
169
229
728
257
201
191
239
181
333
350
429
226
251
477
245
396
236
212
439
136
482
656
346
419
286
127
325
203
353
222
110
243
71
239
154
203
430
410
92
104
274
340
151
165
223
384
203
460
505
196
152
311
111
223
166
119
295
429
246
433
369
86
361
175
505
192
355
103
131
293
526
523
203
368
279
700
216
188
146
350
46
115
381
397
496
236
256
179
587
268
246
185
194
390
369
128
206
196
161
145
205
180
252
141
297
419
307
360
202
216
375
319
286
189
283
77
208
269
84
281
262
110
191
112
265
361
591
211
257
138
224
388
165
194
239
142
243
438
86
178
522
103
158
78
287
328
448
450
67
144
171
181
264
132
384
176
303
147
151
163
247
254
129
221
127
187
233
67
217
231
85
292
350
293
270
279
200
308
510
133
157
297
138
722
400
230
143
364
288
169
288
348
142
448
124
322
295
424
136
376
136
344
124
117
406
215
184
603
187
320
313
130
216
214
229
392
195
84
440
203
126
196
276
308
251
486
232
317
154
364
320
209
316
269
158
176
142
94
195
377
374
305
305
380
109
105
259
502
355
212
218
243
239
383
97
146
331
255
309
619
255
231
336
423
344
463
278
309
293
289
104
438
364
271
332
128
288
242
309
361
318
85
255
206
281
212
308
954
216
602
231
139
326
133
118
122
372
104
291
316
286
249
96
111
206
245
225
154
152
122
187
324
262
279
531
298
381
346
122
451
102
57
186
239
215
158
229
158
492
303
85
99
186
241
161
191
226
330
98
332
430
235
308
160
208
348
273
283
132
155
402
377
426
6
412
364
220
244
71
210
193
142
132
220
591
258
373
204
369
215
345
311
273
248
309
281
405
271
104
350
250
210
513
180
214
240
217
100
56
113
427
76
207
281
302
164
99
529
174
181
89
270
128
456
373
259
117
291
129
82
105
372
270
110
216
194
269
153
186
338
110
319
364
402
187
190
121
278
204
130
251
392
113
236
352
91
201
351
274
336
99
211
383
203
346
275
394
229
100
179
208
120
222
420
499
254
345
141
302
230
182
72
380
100
255
396
205
119
345
31
365
102
340
174
213
80
175
46
292
136
206
428
139
165
221
250
81
310
323
137
351
67
118
231
164
630
110
184
82
336
290
91
265
196
390
232
137
183
427
98
166
74
466
163
125
217
156
221
121
658
204
172
137
336
112
436
147
183
388
106
203
424
289
253
96
368
459
44
126
317
244
252
506
171
83
130
318
196
234
248
345
216
148
265
38
182
84
332
627
340
304
305
119
389
218
238
129
158
61
186
133
229
176
498
465
244
229
190
249
142
185
414
328
298
197
406
174
526
258
213
182
234
240
370
239
325
49
99
301
136
280
60
130
191
271
451
192
452
133
148
159
401
146
105
123
432
108
343
145
378
105
285
164
370
271
415
619
400
312
394
205
293
209
150
121
213
128
452
167
242
431
92
121
316
224
369
195
25
159
481
153
134
230
282
214
289
206
202
38
171
221
203
314
166
307
484
331
156
137
153
143
186
231
167
589
202
871
422
195
420
391
460
90
323
161
130
600
278
278
490
123
671
369
323
50
141
117
336
383
278
391
310
201
399
84
154
403
97
165
413
155
259
231
202
417
381
183
327
235
122
436
368
85
352
234
253
118
360
164
310
121
162
239
82
190
374
81
151
239
402
147
241
147
302
437
197
58
164
243
322
248
211
263
130
138
166
176
418
325
218
79
207
174
272
474
120
161
327
399
145
525
279
334
347
165
452
487
508
311
426
185
319
41
418
71
73
293
404
305
175
431
104
84
562
335
325
189
115
326
119
436
99
132
165
173
81
236
404
304
215
158
255
224
270
318
479
234
222
164
80
339
368
222
145
151
307
249
655
299
484
124
298
271
356
350
211
349
617
78
478
367
204
49
124
293
443
118
78
150
99
157
197
190
384
237
527
128
619
170
227
279
251
223
367
303
168
153
160
278
463
265
215
443
140
213
262
142
820
603
330
321
419
89
335
387
418
534
143
189
115
146
339
169
259
211
370
256
61
207
79
189
420
134
263
170
541
207
69
271
168
560
322
208
271
418
217
208
205
127
415
365
420
221
340
410
524
769
187
233
90
282
188
217
418
200
51
261
92
348
213
256
579
333
207
325
430
102
147
148
169
239
413
196
252
273
105
302
289
335
236
191
231
292
207
95
138
605
259
235
221
317
414
321
279
140
246
202
230
107
293
210
138
194
346
233
363
372
152
337
275
136
88
235
258
282
505
445
501
388
301
416
273
344
610
333
150
160
349
140
479
247
143
161
132
325
174
361
518
223
201
355
432
323
110
262
162
246
180
307
259
328
334
330
195
275
209
66
170
205
102
198
333
193
220
186
248
126
223
92
161
279
90
229
122
214
441
417
232
270
71
169
279
194
217
509
69
83
281
273
230
44
272
249
367
172
209
203
180
97
362
276
356
186
237
353
172
306
96
241
184
230
456
151
249
195
195
305
553
445
240
107
228
243
232
253
266
293
228
99
314
262
254
175
476
509
388
132
511
270
160
408
199
336
311
370
284
292
279
171
260
263
55
224
156
396
232
280
130
65
289
97
374
268
201
310
358
402
175
328
352
486
236
331
223
242
469
111
251
418
354
345
482
174
171
269
77
316
358
296
202
133
213
258
526
118
244
191
101
160
538
103
129
213
451
317
358
135
229
347
282
216
405
164
168
149
206
86
281
230
416
232
97
567
82
398
187
267
123
150
464
198
200
235
241
64
225
400
277
76
136
168
246
274
308
270
86
336
92
310
244
196
302
371
81
83
183
214
147
347
194
241
223
396
293
293
246
345
443
337
445
475
262
172
58
279
255
141
252
154
205
115
321
336
192
154
121
236
338
55
242
185
86
112
227
319
183
18
368
219
189
392
212
194
313
345
143
209
504
242
82
216
148
104
322
101
153
336
203
571
208
49
311
157
350
281
70
448
286
191
152
144
339
353
84
196
453
121
184
277
344
97
217
329
306
183
245
394
146
374
500
279
898
277
430
143
191
384
507
242
482
264
377
237
460
31
125
378
423
490
80
224
61
208
172
134
152
122
292
103
136
286
301
276
231
372
146
165
78
305
340
154
97
114
283
244
331
268
132
167
196
201
438
337
224
175
170
139
154
237
358
320
323
142
146
141
587
179
186
101
193
192
415
222
238
426
294
307
140
58
204
212
214
361
101
30
134
122
525
152
151
302
154
253
383
349
237
140
141
229
420
321
504
179
353
185
341
267
217
204
246
323
195
322
188
220
266
215
167
181
463
225
518
107
373
165
295
354
393
166
435
79
126
134
529
393
213
411
224
303
270
449
295
280
129
419
270
323
420
221
237
115
288
121
218
358
389
288
278
327
527
175
322
416
389
251
132
177
526
247
428
150
192
489
205
339
107
248
153
425
241
196
303
119
483
250
294
271
105
144
174
16
80
135
101
359
352
329
154
349
175
217
356
287
463
372
243
158
354
217
277
121
395
224
233
302
328
248
272
237
340
201
113
139
194
420
340
186
239
185
229
446
202
249
207
563
130
156
167
276
227
324
184
137
93
162
194
397
248
261
183
354
510
90
220
105
223
332
335
132
299
234
94
269
151
242
360
195
206
328
218
116
322
152
252
664
345
390
313
324
222
146
147
267
205
92
158
233
221
229
345
174
100
136
240
610
92
113
336
475
352
175
290
148
134
293
248
321
173
332
182
369
156
233
241
543
463
386
196
38
253
557
135
345
450
251
240
171
127
381
94
72
151
431
639
140
176
353
134
509
315
137
504
443
55
668
592
228
189
331
255
75
425
165
195
578
145
232
177
365
428
79
213
212
245
168
551
370
308
333
335
180
243
128
339
168
351
97
54
185
277
44
317
70
371
392
209
213
51
240
178
509
149
400
216
139
82
381
263
445
247
180
151
510
373
204
465
117
252
272
108
269
107
53
338
163
112
221
117
145
127
260
292
407
236
253
451
291
205
220
304
251
285
240
72
111
126
373
67
532
266
384
306
393
342
540
148
430
249
239
408
161
425
266
169
217
324
486
267
204
249
253
350
272
208
396
466
177
329
185
224
454
269
86
307
170
217
353
290
205
364
388
77
279
222
105
286
290
285
444
161
335
470
128
312
83
268
453
224
308
306
312
338
90
106
395
539
427
398
195
220
274
128
173
279
178
313
199
279
350
165
195
252
61
272
99
360
171
208
386
203
172
185
96
168
282
181
232
218
384
516
85
322
406
226
96
126
264
662
178
278
256
417
174
108
158
273
43
247
559
445
151
337
377
162
279
140
393
191
65
266
124
97
491
53
260
337
242
259
123
189
362
330
342
506
152
397
218
275
119
441
521
459
327
110
260
275
266
243
203
197
129
259
286
156
434
258
157
342
222
228
305
326
552
153
298
389
479
177
136
233
119
314
109
379
272
314
394
104
184
148
147
368
205
399
267
114
140
305
247
277
352
222
439
144
468
219
123
213
266
160
166
478
237
296
174
221
321
271
294
90
171
237
160
132
255
199
461
249
203
226
153
198
397
370
405
206
160
197
88
63
79
132
239
173
46
479
411
713
231
256
192
189
183
303
170
344
166
330
426
177
751
148
254
128
87
487
533
219
233
235
369
100
267
188
187
221
186
333
80
257
261
93
67
537
200
170
191
108
101
163
37
108
164
359
302
171
196
133
400
92
235
496
340
148
246
169
247
244
45
245
54
377
124
496
271
314
311
181
167
154
123
497
198
178
152
197
423
254
58
132
231
177
142
348
261
273
262
270
287
238
385
513
291
420
231
253
74
409
278
552
448
247
333
223
66
307
130
308
170
66
382
121
463
185
272
277
237
480
395
112
190
302
165
140
252
84
299
236
285
228
317
327
362
187
426
251
223
136
270
749
355
194
157
255
221
368
268
407
542
18
260
181
231
339
176
229
501
266
247
192
208
223
231
231
315
238
279
409
214
371
289
547
171
373
175
248
325
238
302
106
96
470
212
290
281
313
330
98
108
442
293
476
531
327
155
257
305
154
157
461
267
92
259
121
261
285
327
247
148
197
111
395
175
213
70
246
243
153
343
175
349
311
127
184
269
278
488
66
225
144
309
398
258
125
141
98
375
188
243
248
208
156
315
283
105
243
306
125
394
376
377
173
564
272
48
310
240
277
189
362
396
249
190
62
146
32
218
388
838
173
198
378
286
99
254
177
264
151
113
224
237
190
101
144
122
350
221
353
300
318
548
155
283
436
278
250
143
381
233
159
206
656
186
176
189
308
223
200
213
397
56
250
280
316
135
57
226
444
265
111
107
255
366
135
473
218
359
233
183
192
83
327
87
273
422
203
335
142
293
193
342
304
278
510
45
401
405
262
487
370
155
468
176
158
177
147
332
380
289
241
213
266
499
486
307
91
177
387
145
260
76
247
398
275
118
350
113
204
342
135
211
374
133
326
233
352
302
121
121
177
256
151
157
251
151
228
495
177
86
153
318
106
501
379
261
413
176
319
537
158
458
261
502
74
119
340
77
164
305
334
226
277
160
330
245
154
179
149
431
253
224
270
186
268
252
488
150
507
209
61
134
401
312
205
230
253
315
603
307
484
324
354
336
366
166
288
206
196
514
293
62
448
66
64
377
162
128
154
360
289
136
213
114
242
292
314
228
141
531
315
138
155
128
155
185
482
269
102
422
506
294
185
113
423
86
181
283
224
334
211
183
36
243
375
426
332
153
133
353
96
302
200
309
186
266
66
190
123
343
95
381
237
466
537
146
331
268
39
308
227
268
171
382
539
226
362
277
114
250
244
393
131
121
542
188
385
802
121
496
112
159
216
149
240
266
183
329
283
336
501
266
181
296
253
188
207
156
281
130
108
199
386
84
134
283
141
404
394
405
240
240
399
441
187
354
101
360
341
214
431
209
262
243
194
160
429
343
102
123
420
553
276
164
442
244
311
242
227
170
235
374
277
187
395
237
142
458
244
250
360
93
181
106
505
210
316
284
132
141
125
121
201
269
291
160
357
191
510
336
133
227
278
139
247
422
518
156
131
234
218
152
499
456
290
287
290
321
385
320
240
130
201
282
418
181
79
551
316
210
403
117
441
242
70
217
116
193
182
188
137
231
646
235
232
297
152
112
624
390
511
241
256
220
444
151
715
78
402
191
125
264
261
362
705
426
275
179
84
192
182
189
803
324
263
158
431
391
208
159
254
114
381
459
129
112
227
270
197
383
67
165
97
239
366
215
332
429
62
254
384
438
170
201
451
391
331
181
298
367
50
119
141
358
238
435
342
178
104
127
632
121
169
102
108
353
440
320
195
493
358
377
282
114
167
222
351
178
194
226
465
403
116
387
208
74
131
164
576
365
312
279
298
38
148
229
350
184
175
593
599
370
182
290
547
398
173
349
266
107
441
290
282
84
59
381
290
117
114
427
278
66
72
198
149
263
276
162
179
394
241
183
230
216
128
619
114
369
390
281
305
352
271
507
144
210
244
433
203
306
263
382
222
377
163
323
210
257
154
217
214
515
212
165
190
155
650
247
142
488
161
64
208
190
131
284
143
374
250
351
620
424
253
255
381
183
445
278
155
204
241
462
236
370
96
149
526
255
201
138
211
212
329
302
87
62
273
262
330
484
528
152
507
216
285
366
200
278
216
114
497
283
236
221
198
486
481
178
238
528
239
197
388
215
239
698
237
292
441
116
273
407
100
218
130
134
110
210
271
75
379
136
167
671
121
146
166
675
228
139
257
57
98
149
234
171
34
331
228
545
296
169
281
357
410
109
81
161
167
150
134
80
320
34
184
317
386
167
227
173
318
126
455
233
274
436
183
422
135
144
159
372
251
70
255
226
456
417
256
320
407
226
198
216
206
173
211
153
282
218
176
206
178
297
289
255
162
85
198
290
347
418
351
546
809
279
260
176
236
122
92
114
462
331
304
112
123
380
319
266
216
209
172
104
243
340
144
365
146
458
159
317
115
172
230
110
438
104
249
410
215
404
234
241
220
247
165
221
201
153
157
317
368
441
258
148
216
453
269
342
473
147
205
320
319
223
348
104
216
159
382
295
220
435
106
149
209
152
164
247
236
267
412
381
184
43
60
197
252
135
160
362
207
273
598
229
236
73
333
163
497
333
362
166
207
149
100
80
236
160
282
291
187
122
396
479
525
276
262
375
245
122
242
267
144
445
645
288
262
123
355
80
295
427
139
197
191
123
189
428
138
355
265
153
177
122
367
336
153
268
232
85
310
295
130
130
90
664
188
156
109
49
460
202
390
155
263
232
277
177
669
104
308
246
225
154
452
262
213
355
229
434
280
179
432
154
225
194
319
192
273
358
452
388
391
226
366
173
181
246
344
324
450
153
66
267
452
291
582
259
317
144
104
415
203
716
175
352
42
270
265
221
252
44
428
457
317
74
116
560
121
236
359
432
97
230
366
171
328
255
404
222
168
349
125
255
272
209
292
232
352
167
170
268
385
192
338
153
199
344
324
229
152
372
133
276
616
323
222
498
180
97
327
87
381
158
237
253
156
165
198
179
290
195
233
147
129
141
142
143
144
174
282
174
134
259
249
279
181
184
246
228
171
158
343
251
183
397
276
253
183
357
340
192
206
572
360
252
339
209
294
211
416
71
148
71
195
400
181
304
276
243
364
529
243
153
210
168
88
248
185
186
80
91
329
294
229
383
551
162
238
285
521
218
236
228
69
163
316
142
124
343
231
382
307
362
15
485
489
168
169
654
191
350
295
192
206
284
110
209
290
164
198
228
245
158
273
206
345
318
332
130
169
486
277
86
326
317
416
192
145
291
87
257
293
176
276
110
273
235
364
275
381
220
300
281
168
335
311
161
273
222
190
309
144
139
269
270
196
445
199
326
313
166
188
286
469
112
295
297
249
527
268
172
499
299
507
173
154
335
252
130
106
227
317
109
156
306
161
60
439
149
304
495
167
312
135
143
376
497
331
248
89
74
221
398
198
329
287
394
113
172
286
257
95
287
278
176
167
319
417
230
120
613
255
70
126
372
212
548
496
334
244
141
339
251
85
275
185
239
346
141
62
286
672
165
74
130
408
319
306
435
279
225
178
197
429
359
667
223
1
458
169
196
75
377
236
308
129
188
296
479
254
172
93
193
145
106
32
162
401
161
60
231
231
254
170
257
491
237
412
262
569
170
257
675
136
165
39
432
219
106
336
317
93
222
272
517
494
141
404
215
190
211
280
334
312
272
351
215
184
171
192
168
102
153
261
281
157
190
293
139
231
485
183
368
309
222
247
233
150
277
511
191
38
321
227
391
369
522
447
331
134
137
141
172
354
104
85
57
283
325
184
42
470
219
200
132
71
245
313
304
294
