532
334
270
655
293
576
354
419
321
526
592
410
612
527
589
764
714
509
370
480
580
518
559
428
248
146
448
349
759
319
573
430
637
406
604
442
552
272
599
607
295
384
548
401
447
346
575
513
438
357
804
350
636
497
334
561
634
410
402
633
393
277
248
471
365
447
386
519
443
502
405
620
484
421
555
463
625
369
375
788
327
336
458
582
432
282
574
560
261
457
445
690
469
329
530
564
378
470
496
589
572
411
634
535
555
399
723
488
362
419
277
530
644
269
479
406
236
378
316
250
101
458
660
540
521
647
646
312
206
546
483
355
603
457
318
239
155
434
592
369
380
545
414
328
373
582
85
379
539
251
421
472
327
403
430
398
238
373
320
602
702
574
671
184
382
367
558
473
453
325
192
573
211
302
323
340
492
230
630
448
478
435
586
577
739
352
366
747
399
188
532
384
423
371
316
290
82
613
543
441
429
666
369
424
499
299
489
529
284
357
487
608
570
388
248
340
410
164
447
280
420
561
420
309
535
342
64
434
616
211
546
614
448
330
529
136
314
458
386
474
646
467
531
474
359
356
479
478
615
414
561
389
432
358
321
347
287
295
453
487
505
616
292
488
400
619
628
281
328
423
533
543
248
593
309
563
265
435
368
440
242
487
806
606
529
489
466
486
665
427
565
391
498
430
301
360
520
176
580
603
466
278
255
372
220
536
465
492
315
426
345
545
345
519
155
552
315
661
467
441
451
680
496
632
370
604
446
332
479
149
501
439
513
489
535
348
328
499
584
721
612
475
461
395
395
375
604
436
658
488
442
420
552
439
546
501
523
337
520
608
785
379
390
422
491
390
510
538
450
366
538
540
469
240
670
705
506
650
435
525
414
607
648
400
329
208
437
525
398
381
448
157
413
471
524
411
382
353
306
468
295
447
559
537
844
478
184
477
380
384
468
507
384
514
374
423
471
587
347
407
678
601
596
179
389
560
495
486
417
494
308
655
603
290
425
526
424
334
627
577
704
667
359
335
440
476
414
242
575
633
256
227
438
415
503
139
567
339
536
519
498
320
526
405
499
452
427
367
533
359
423
582
636
537
377
295
157
333
301
557
528
521
504
452
628
535
442
377
661
229
595
305
425
394
354
186
410
297
423
527
528
579
414
619
468
500
373
447
419
458
475
479
549
566
320
388
319
520
179
468
662
373
668
513
500
329
328
577
294
472
281
488
569
528
709
616
753
395
456
482
438
262
402
449
625
331
583
575
542
362
373
505
535
402
712
375
596
497
630
729
225
565
386
351
758
433
563
568
604
634
469
531
614
423
538
247
297
272
228
455
550
564
562
393
372
447
420
404
670
671
384
610
254
628
305
611
381
481
331
415
417
393
346
702
331
516
316
475
380
546
561
475
655
574
688
780
314
380
269
384
633
444
414
534
661
670
640
549
452
216
355
535
467
344
374
272
589
424
485
425
405
474
394
376
490
338
308
374
406
352
671
403
396
487
498
510
530
358
360
292
219
556
555
260
541
408
245
657
397
272
590
435
287
590
455
392
410
436
633
717
342
267
499
437
350
311
631
444
522
548
347
598
436
513
334
730
533
365
455
450
504
315
580
650
665
456
528
621
474
417
589
538
253
643
550
328
503
811
332
511
414
510
339
339
456
453
610
281
309
337
650
239
604
587
231
410
302
386
470
362
591
127
373
345
243
397
451
753
351
402
150
535
332
549
399
202
591
432
399
394
603
457
9
566
213
541
319
96
374
512
637
558
468
480
483
643
353
201
319
447
559
341
514
529
292
502
290
624
474
382
595
264
634
667
355
312
462
169
620
251
251
629
635
573
501
354
603
498
450
593
606
273
242
695
489
508
547
453
403
689
454
390
784
671
401
451
554
545
255
506
574
413
279
397
361
502
517
403
284
420
275
457
281
437
205
403
618
494
487
681
481
471
264
464
587
673
494
524
402
371
453
544
496
597
649
385
622
459
618
507
491
520
459
250
254
718
634
407
534
472
404
418
376
242
364
308
470
301
554
552
244
714
336
289
568
537
654
229
287
526
502
727
549
431
438
368
221
348
400
313
470
637
550
525
539
453
492
662
371
464
276
619
421
329
316
457
704
542
450
406
283
710
354
411
580
292
185
429
381
696
488
535
563
572
277
584
335
443
396
547
450
496
375
476
302
355
526
492
423
520
221
522
601
460
559
350
390
364
415
501
547
406
495
600
401
376
422
329
525
389
685
336
337
425
591
415
648
607
411
418
328
532
433
563
430
608
558
592
455
392
649
584
527
510
488
553
337
568
235
354
514
417
352
324
427
449
250
468
466
257
420
393
530
282
185
654
485
655
412
478
626
511
464
400
411
504
334
467
647
448
615
561
218
386
583
430
448
342
600
559
430
727
521
464
299
543
350
208
287
376
570
538
712
420
307
192
335
383
310
522
586
376
449
568
444
702
361
501
508
411
335
681
545
613
463
470
499
508
564
494
693
548
663
663
365
370
274
502
527
283
441
374
510
688
628
586
765
408
678
781
249
237
443
624
456
508
684
280
490
300
629
440
342
335
523
421
511
521
492
461
128
210
534
406
349
575
501
802
534
529
476
463
604
384
525
324
583
414
320
487
411
633
338
288
306
432
506
401
816
154
309
501
424
204
742
644
511
642
573
276
395
612
589
644
465
282
551
499
341
390
624
507
556
431
523
323
423
307
431
264
467
350
409
295
485
496
650
330
296
326
259
492
533
498
440
602
366
176
396
400
367
561
389
398
692
424
524
334
452
440
602
558
276
379
333
593
453
359
524
407
300
451
449
462
259
516
567
430
547
689
270
324
442
392
358
557
606
316
395
582
448
528
487
412
264
367
247
422
260
528
715
550
500
507
448
663
602
221
379
473
504
332
416
169
412
677
630
775
608
363
646
361
392
553
441
455
426
422
364
380
447
287
567
449
639
593
556
446
113
486
464
603
581
307
248
477
464
713
260
623
530
438
291
179
320
444
583
379
608
637
476
612
492
421
200
620
152
498
283
401
579
392
497
506
353
513
538
522
172
487
509
494
209
499
406
546
226
465
374
437
676
352
287
390
566
408
617
389
507
605
548
385
459
559
437
486
522
291
374
774
218
572
344
481
248
573
408
570
466
635
673
305
506
591
375
437
335
439
282
606
623
682
476
605
206
415
535
638
499
448
259
213
479
405
412
713
419
505
433
433
386
501
597
563
543
394
635
432
526
403
434
474
347
521
418
483
395
480
539
324
278
470
237
430
432
523
716
21
250
344
389
267
441
709
506
430
294
528
470
617
379
636
266
464
594
475
356
277
436
369
851
246
490
485
413
434
416
438
350
440
503
563
418
361
480
580
436
389
398
401
371
334
596
566
536
582
452
385
425
215
235
433
259
526
623
794
597
510
473
376
485
377
292
596
494
554
487
414
191
417
430
587
555
521
521
255
446
498
578
290
434
418
318
419
280
661
335
358
338
353
645
543
591
525
307
429
789
187
370
486
692
540
475
306
491
275
662
237
449
626
339
287
213
419
394
340
337
620
531
626
446
470
422
587
377
433
353
492
670
628
474
453
380
455
355
442
348
399
246
422
593
318
529
600
530
573
366
606
371
456
458
346
322
160
441
584
542
684
418
142
384
465
330
305
588
474
376
344
358
522
553
358
627
519
481
58
535
519
356
407
522
385
261
614
418
255
564
334
514
566
341
360
432
327
138
493
321
434
435
328
597
658
614
278
518
393
539
578
433
457
452
457
467
551
219
462
371
583
309
540
363
392
468
224
339
344
505
372
276
395
528
315
471
316
750
560
706
457
544
337
592
507
626
563
412
418
738
781
398
654
475
613
316
304
386
298
583
711
446
328
474
310
556
325
409
485
707
411
616
263
699
516
550
501
797
189
571
508
649
601
330
546
406
779
492
296
465
536
361
650
348
463
242
452
403
492
385
494
405
571
175
447
502
371
238
434
498
353
322
371
298
767
727
299
517
268
547
378
454
285
530
416
341
598
579
581
556
578
159
270
485
432
368
606
612
535
304
326
152
290
487
183
333
457
347
397
611
354
283
295
317
384
473
266
460
521
407
287
557
456
633
433
155
333
444
384
696
597
479
271
159
307
318
382
201
492
390
520
444
255
325
426
365
364
216
277
455
178
431
350
330
414
388
630
453
383
431
507
478
495
349
411
521
681
389
388
527
676
503
373
452
596
396
723
374
445
439
315
415
400
348
179
592
508
600
461
252
446
389
345
276
439
583
525
696
306
357
616
582
502
516
525
392
414
603
714
466
236
705
404
175
380
438
508
484
515
272
513
372
463
484
674
492
368
587
423
163
238
385
253
514
603
483
612
699
329
340
478
583
422
456
503
419
516
394
610
565
406
590
347
397
449
600
206
533
675
613
552
661
266
325
333
510
459
407
458
504
326
558
624
156
493
377
457
672
323
298
337
512
583
351
475
592
495
463
426
517
282
449
419
780
477
560
496
569
136
396
513
474
365
564
401
258
479
396
451
486
244
347
154
533
379
304
540
483
556
473
619
489
520
394
338
604
636
603
314
827
571
535
453
875
321
348
493
253
101
477
445
622
529
441
319
548
292
473
669
410
473
219
404
532
409
426
571
604
623
567
368
354
642
321
662
415
444
263
537
317
418
496
355
406
454
428
275
489
456
624
492
252
379
366
385
364
663
483
427
616
512
507
374
392
437
574
471
554
467
323
425
355
296
300
609
454
488
373
457
458
473
487
366
740
517
589
422
564
304
397
237
401
500
377
437
368
566
533
597
370
742
631
495
667
446
493
565
460
520
490
432
450
249
58
609
328
111
287
568
476
594
672
463
557
275
282
379
386
367
524
506
676
263
370
227
378
541
450
608
434
362
608
620
477
579
484
506
589
469
540
516
255
601
481
437
529
487
744
301
465
566
447
519
364
429
421
600
434
242
594
583
429
554
817
341
570
246
242
328
445
477
567
635
315
317
594
617
538
634
506
480
418
589
530
332
128
426
406
383
375
545
540
609
517
570
447
219
436
165
307
396
392
467
504
315
407
455
522
712
391
517
417
644
482
324
620
525
294
356
324
303
381
487
478
453
326
376
434
595
447
502
287
422
386
436
474
283
429
516
685
426
538
359
493
662
305
693
555
418
427
513
322
389
642
294
336
406
415
630
423
537
239
524
596
528
162
619
383
505
487
393
502
524
443
537
283
152
380
655
318
464
428
503
299
599
645
445
584
592
469
602
396
652
438
667
441
580
536
605
658
399
681
787
465
292
242
291
400
384
213
567
397
662
540
492
262
497
422
400
531
94
340
485
486
278
396
582
557
541
507
674
422
431
446
356
548
639
447
584
703
316
590
359
359
187
461
441
325
426
343
388
577
485
445
348
211
311
282
439
380
556
233
666
439
489
446
537
440
395
655
324
290
403
200
747
302
450
431
460
429
474
419
381
462
444
529
755
469
488
445
487
525
580
641
658
550
371
530
363
443
245
427
432
561
576
577
496
384
557
494
445
520
588
494
298
484
579
317
506
243
477
364
810
690
516
582
714
617
623
576
613
572
672
476
356
538
278
160
682
585
339
485
422
625
329
370
708
699
518
359
396
604
402
495
342
352
355
642
588
321
317
442
714
570
534
544
413
406
490
291
766
431
405
311
269
466
543
276
741
442
77
597
537
588
341
312
460
460
499
522
559
597
387
496
381
236
189
353
563
470
442
221
427
490
621
455
515
453
790
418
508
335
440
754
665
583
553
370
511
358
105
427
480
220
448
304
465
422
471
427
440
324
530
495
530
662
682
625
353
522
435
495
560
235
77
551
485
644
449
287
371
462
276
599
350
306
387
646
645
519
411
441
474
746
652
547
548
446
440
485
203
461
348
679
608
487
744
233
439
455
661
507
454
532
402
513
335
602
557
537
601
437
533
678
571
811
467
366
427
416
340
554
436
491
514
475
407
562
449
113
563
304
417
494
532
528
734
221
413
125
708
446
441
375
466
581
356
429
598
391
328
608
578
335
441
763
152
550
355
374
327
398
511
257
603
481
487
289
274
397
479
110
374
576
429
507
549
416
533
689
480
489
602
504
587
660
450
586
289
472
315
532
557
504
495
695
539
321
513
605
587
482
653
378
520
598
705
369
579
387
294
405
578
571
688
356
321
486
590
495
531
459
444
616
507
429
599
644
519
69
494
564
239
470
485
540
490
520
374
458
461
513
423
558
464
340
480
609
517
381
339
519
653
761
285
396
609
339
511
505
585
481
454
234
561
457
440
356
371
518
401
482
287
255
327
353
527
513
373
298
536
424
375
472
466
502
411
581
349
421
444
447
520
554
368
583
590
304
492
348
463
343
435
345
693
472
303
830
428
415
599
511
287
433
333
421
414
489
418
491
536
477
280
354
436
533
303
682
633
259
310
684
549
398
266
255
349
444
460
454
603
380
118
462
383
419
469
435
495
419
555
491
352
654
252
627
332
294
674
512
319
710
392
449
545
368
548
234
317
474
536
390
490
442
297
323
376
257
534
519
540
578
589
274
585
391
507
522
468
477
162
543
336
529
598
544
546
358
570
461
209
236
399
555
544
267
540
646
647
601
380
487
444
455
616
242
244
534
367
377
611
526
362
109
220
468
530
392
360
365
579
399
470
297
454
487
428
423
351
223
430
574
498
536
350
408
470
495
296
459
729
493
571
465
702
414
390
315
397
646
430
269
907
429
393
592
523
404
285
397
462
623
692
610
513
610
511
465
382
484
744
226
472
329
333
404
262
469
635
362
605
465
450
428
730
476
430
354
303
504
401
380
786
458
519
380
763
447
144
323
676
318
555
458
693
563
406
279
642
429
370
499
540
537
338
756
680
507
429
290
344
328
410
609
715
526
377
550
416
689
505
650
295
381
688
454
298
442
338
376
635
436
599
610
477
455
420
446
317
477
404
238
531
317
722
543
324
504
310
387
518
359
605
674
355
757
309
541
535
646
204
662
303
619
290
559
525
534
263
706
653
229
606
546
532
544
446
584
740
517
539
768
535
591
523
398
404
543
387
580
439
331
493
547
268
465
672
756
497
587
426
443
567
260
488
556
452
607
400
557
389
493
199
389
675
611
346
540
399
434
371
602
652
196
474
540
349
497
245
531
635
407
294
493
405
498
435
517
554
111
532
546
622
433
682
262
518
575
325
518
558
748
391
235
604
191
368
333
587
321
267
380
454
446
345
354
212
350
470
612
501
265
300
267
716
394
545
452
487
398
455
538
692
263
336
427
498
700
341
281
621
438
330
331
277
423
359
199
421
582
413
497
577
246
563
524
561
524
547
539
409
640
407
464
269
537
230
402
457
375
387
293
262
402
392
320
473
381
336
566
457
421
334
561
448
486
333
714
375
403
502
524
322
666
455
447
348
515
589
353
521
547
387
497
514
315
349
371
531
295
569
668
345
431
649
402
749
290
410
454
564
534
453
342
206
497
477
406
549
441
417
344
561
543
340
650
473
727
546
443
419
576
163
540
182
374
518
414
417
635
626
553
314
672
239
291
475
346
237
787
214
502
584
433
523
598
476
527
288
415
411
356
368
420
420
367
436
261
382
633
421
303
529
620
800
534
244
446
211
375
525
551
536
495
634
146
309
429
762
285
362
284
463
456
455
465
178
375
538
460
649
406
547
563
426
520
417
425
680
535
539
465
187
479
506
483
453
476
376
469
593
469
388
407
616
465
360
219
484
597
409
433
512
333
632
498
492
664
433
655
488
524
633
210
402
532
372
520
630
395
612
524
443
698
627
335
175
462
435
421
551
499
472
342
438
472
411
381
472
435
543
453
461
337
300
295
404
552
291
263
426
783
242
468
314
511
234
374
330
402
619
429
331
560
415
290
591
375
420
711
703
483
500
129
597
661
453
449
326
496
510
239
310
391
468
539
300
602
441
336
444
355
501
508
664
518
383
460
600
552
275
478
563
708
495
324
352
498
608
669
581
360
436
527
594
588
328
423
471
255
739
323
496
368
239
682
715
499
409
462
491
390
346
142
559
517
638
671
377
422
300
198
584
274
558
465
430
207
318
656
254
308
369
455
403
482
449
451
558
280
543
316
500
403
481
424
444
429
514
350
784
581
286
328
384
617
392
388
661
367
536
484
359
808
331
545
570
280
608
372
387
639
400
349
443
533
378
464
438
538
700
596
717
430
427
589
639
481
427
457
319
366
346
375
615
647
537
268
257
225
219
557
520
626
649
308
548
447
388
434
264
759
541
528
498
361
557
594
225
245
508
749
424
298
520
224
525
157
372
376
232
606
308
528
533
527
417
405
447
661
399
457
366
359
393
100
316
392
532
626
635
577
554
341
110
653
488
578
353
508
472
738
461
545
317
398
369
362
357
333
558
470
660
415
263
341
265
326
399
302
456
478
374
384
543
509
351
631
660
723
535
523
575
626
228
491
648
582
285
341
712
193
289
437
383
557
403
463
287
408
402
539
423
524
297
560
445
598
598
312
485
475
319
419
537
479
509
637
504
475
649
437
513
741
561
365
380
311
400
320
522
445
464
407
276
399
332
396
487
637
506
246
648
457
448
381
483
671
707
388
525
319
401
405
427
564
259
589
73
426
296
620
707
460
596
465
370
804
454
209
315
401
620
317
604
504
496
527
587
521
475
414
456
507
441
189
406
469
433
446
374
472
419
374
544
217
412
503
558
479
315
656
356
512
259
446
436
355
260
484
396
532
302
714
444
609
647
360
412
326
410
184
351
363
444
587
379
527
493
585
711
694
634
434
330
333
628
562
381
487
581
570
565
487
414
440
604
449
280
351
477
673
369
719
438
312
531
503
478
287
298
518
671
769
357
498
486
686
408
466
221
721
463
355
524
457
417
698
301
394
523
360
273
461
471
350
466
564
700
454
448
654
577
547
328
356
387
417
367
453
683
371
420
552
460
290
485
362
257
466
489
359
406
359
807
543
439
450
403
326
274
493
316
566
502
523
574
447
616
556
348
329
249
400
471
645
331
297
530
219
425
400
541
387
485
385
229
249
540
570
532
438
445
517
559
563
493
441
483
480
533
663
468
492
333
713
300
541
512
576
264
672
490
470
311
470
412
482
537
455
696
308
499
404
637
715
387
324
293
473
397
399
376
346
445
622
502
472
312
425
504
494
525
442
566
436
324
378
377
388
318
376
514
617
424
228
435
650
466
415
376
309
520
398
582
385
488
593
578
492
480
543
297
426
458
364
534
464
259
454
456
406
610
444
438
430
497
382
500
455
679
516
634
517
499
555
454
413
406
536
206
499
332
426
596
577
426
109
295
497
489
571
270
459
598
574
415
449
357
431
481
615
495
614
499
496
337
493
679
712
435
488
361
368
499
391
561
479
373
761
547
466
299
516
334
355
331
572
338
406
588
448
412
468
567
682
579
320
576
600
542
197
377
742
542
702
196
550
525
381
418
496
427
467
427
366
308
668
421
254
360
408
602
452
367
585
621
701
402
504
612
351
647
305
571
534
330
558
577
339
735
470
358
366
486
503
420
412
260
552
371
461
519
109
633
257
575
445
534
314
556
344
374
364
429
243
402
430
126
566
503
567
569
474
435
496
447
226
447
306
491
583
310
349
366
486
515
474
474
315
428
731
442
306
539
407
364
565
429
463
282
327
328
475
162
565
426
790
500
452
513
220
449
457
444
304
538
637
402
376
579
219
748
651
457
249
325
711
550
757
292
595
401
499
569
74
490
512
633
461
555
299
370
417
402
457
403
418
760
717
431
477
370
500
564
298
483
505
475
253
501
746
520
622
461
480
521
513
377
651
527
905
564
421
618
562
451
528
312
575
408
275
481
446
581
447
373
589
547
618
549
201
455
442
620
644
358
297
460
358
431
459
530
496
650
284
560
622
478
584
622
478
419
604
429
589
396
713
550
431
596
385
417
275
715
764
299
75
431
463
346
207
557
319
326
481
325
438
438
677
348
431
483
477
408
279
340
484
458
643
479
278
223
568
384
480
639
402
296
445
315
451
620
477
379
402
573
764
338
393
208
449
438
309
652
271
448
490
587
358
452
345
208
291
496
470
589
499
361
316
259
287
393
704
285
360
426
337
691
375
459
532
414
671
525
247
343
525
420
113
544
535
441
533
393
519
407
626
511
168
249
604
346
397
497
518
465
362
633
548
581
658
572
577
258
528
411
511
396
354
371
307
416
327
377
492
771
498
682
456
480
593
447
385
560
600
420
598
568
420
544
478
348
268
598
392
108
351
400
474
364
404
442
436
549
457
467
498
557
176
328
226
742
587
90
537
490
523
354
418
353
352
341
407
152
459
354
537
248
631
598
466
419
682
707
430
518
231
402
614
279
531
278
577
231
520
475
487
628
411
376
232
463
617
422
696
362
432
604
32
410
287
465
603
570
388
353
701
548
335
654
397
691
421
396
607
261
79
388
478
290
440
512
342
519
533
530
569
290
556
379
514
600
313
464
314
682
816
432
338
401
714
665
441
348
357
280
491
530
327
404
440
223
524
332
595
259
502
346
444
317
567
550
367
445
470
683
431
320
588
344
369
308
435
529
675
509
389
246
556
526
402
580
595
506
423
557
592
489
506
556
378
343
181
442
543
532
505
461
334
436
321
458
415
157
310
322
423
495
364
272
512
580
340
368
307
547
496
396
625
398
591
193
413
273
412
455
640
368
407
402
293
476
637
491
690
429
381
535
599
475
549
442
385
397
394
345
375
538
306
615
589
195
388
360
476
625
305
353
446
655
370
279
539
332
410
445
392
455
655
632
529
179
786
407
422
381
464
384
689
496
369
353
524
530
392
378
329
517
768
400
459
454
350
545
255
443
392
419
533
621
320
620
546
609
281
520
411
228
345
391
296
484
556
785
470
297
375
410
252
464
588
329
480
445
466
586
273
165
178
390
508
386
281
606
572
344
417
681
325
614
292
545
448
386
658
516
575
194
460
421
598
233
274
409
280
696
468
462
610
372
357
467
541
539
336
636
288
437
249
297
400
273
376
447
730
231
358
352
515
279
492
568
458
300
487
486
364
455
722
448
192
355
567
399
513
484
293
707
257
429
253
520
429
321
347
533
521
413
270
508
275
488
162
538
348
324
535
321
405
316
280
556
456
1
454
476
509
535
534
512
274
497
434
284
529
374
437
503
541
458
497
266
264
263
687
618
693
678
209
416
570
301
540
299
664
364
473
549
538
328
296
616
566
406
405
821
423
433
814
440
188
432
519
415
500
529
432
316
467
574
413
457
377
378
173
504
464
253
598
219
446
533
566
382
406
404
477
466
483
508
201
236
539
638
634
468
372
590
611
269
500
218
717
703
566
630
514
471
479
585
550
570
428
691
405
161
591
443
417
274
323
523
391
437
397
647
427
466
447
535
406
374
302
418
918
403
388
455
550
297
406
556
275
581
325
509
274
530
581
390
438
387
552
88
205
522
452
471
478
547
589
654
411
567
701
383
201
548
582
431
407
529
548
351
300
337
205
597
607
412
471
467
747
236
631
391
625
369
348
712
427
289
470
201
448
642
589
383
471
331
491
158
396
504
420
480
406
421
461
458
499
394
721
491
359
455
387
617
266
357
437
500
364
471
270
476
293
364
390
421
572
492
574
138
502
303
552
366
250
530
795
511
643
369
440
334
435
473
235
322
536
330
440
526
590
547
422
537
823
498
380
632
598
252
452
600
152
600
346
557
168
448
495
108
397
321
423
234
412
659
475
589
465
515
418
613
250
562
358
375
424
366
244
274
500
489
351
480
882
432
321
472
697
393
437
369
198
527
470
552
562
438
475
697
753
313
208
573
436
533
535
518
507
528
485
478
415
686
669
527
387
771
404
192
461
318
393
612
449
397
185
304
479
489
384
506
403
271
210
274
449
388
457
256
418
376
442
438
599
774
558
243
390
321
575
316
463
387
548
399
489
458
397
297
446
273
413
412
555
351
518
414
312
496
472
585
143
604
569
464
516
451
278
721
471
279
328
583
173
607
528
475
305
579
377
324
228
480
579
602
223
587
336
400
327
372
176
457
402
330
339
185
617
405
543
486
347
486
444
358
443
416
568
653
426
379
496
481
359
357
432
484
164
185
484
446
242
458
305
391
376
424
630
385
40
615
257
523
420
242
314
439
397
423
653
559
410
494
425
399
92
470
524
468
725
422
641
358
228
456
407
472
583
347
461
687
489
413
487
560
328
138
451
598
666
447
425
502
534
351
341
634
487
638
474
508
232
379
505
533
396
263
404
464
693
448
244
321
636
435
461
520
386
679
379
213
422
394
174
237
497
483
181
606
719
425
445
572
317
487
425
315
288
523
343
467
491
717
455
356
481
299
442
310
450
599
394
439
433
544
277
571
593
170
642
361
684
290
376
659
336
725
325
483
577
380
392
452
275
571
539
351
333
568
604
342
368
465
443
635
464
548
357
645
611
384
669
412
253
372
648
750
476
282
650
558
464
630
492
479
391
518
593
356
473
384
709
515
512
173
585
491
566
512
510
497
426
680
523
576
471
196
537
364
470
515
695
543
259
542
420
315
482
445
347
229
372
141
606
427
449
364
254
731
180
532
365
454
311
516
402
320
506
426
467
150
204
668
104
385
494
704
325
453
678
425
397
509
379
483
630
805
481
240
415
294
625
615
518
441
432
410
421
398
386
247
359
349
437
512
628
141
514
296
251
405
461
484
536
456
579
465
729
358
483
385
649
269
479
157
460
40
431
408
365
483
421
453
364
691
187
318
369
490
591
590
309
370
416
409
556
607
477
503
484
283
436
625
531
464
303
299
775
536
365
614
481
411
431
541
613
642
393
775
462
464
447
480
456
694
506
600
459
349
517
455
556
615
401
383
360
506
454
302
390
538
366
287
641
867
343
275
537
540
463
317
438
491
581
599
466
322
317
745
541
392
414
491
436
492
338
286
524
358
423
538
306
363
475
518
251
403
416
359
213
260
325
469
550
281
231
513
281
523
489
321
309
318
583
284
566
370
454
374
449
161
404
505
713
319
732
476
433
467
408
637
417
296
632
444
462
402
559
528
502
457
381
472
654
360
483
504
421
270
452
355
439
599
370
497
460
398
693
783
291
698
533
610
403
568
480
537
418
495
569
231
489
660
403
406
592
403
616
529
394
672
308
385
606
583
431
439
540
205
594
427
402
470
575
271
470
340
542
621
568
443
238
443
616
391
560
458
494
243
386
386
475
460
385
353
433
304
477
719
525
424
500
501
627
480
627
537
281
391
407
606
155
509
569
480
589
367
437
790
578
396
572
405
485
386
728
518
500
582
480
538
725
381
269
575
307
589
512
121
453
329
540
358
531
531
467
314
332
392
440
338
396
634
574
611
555
150
424
765
514
602
346
275
326
511
315
636
645
440
548
607
590
483
333
600
269
442
559
241
539
434
617
541
406
545
197
225
371
584
733
657
558
554
809
488
393
519
552
170
506
569
347
473
367
314
552
319
448
725
576
713
348
444
452
359
525
395
648
657
568
411
676
490
332
503
434
304
264
330
385
283
421
631
238
87
674
394
619
779
425
490
518
373
466
460
138
413
758
466
777
698
376
568
716
626
465
615
394
207
548
610
365
510
286
398
447
559
552
533
479
403
439
340
356
518
689
604
542
702
373
225
475
503
281
443
475
310
592
510
421
296
451
516
575
722
539
382
333
268
367
384
621
440
334
382
520
475
106
533
141
452
490
469
583
386
414
661
522
394
380
343
522
502
368
559
461
451
333
348
344
564
611
597
690
400
476
318
507
469
342
587
542
232
617
438
613
470
277
479
313
539
530
572
416
204
743
338
402
493
368
497
468
295
410
190
328
422
681
394
376
360
312
524
237
405
401
466
179
418
464
395
93
325
563
452
422
490
420
596
543
605
548
475
427
454
420
596
378
548
592
590
221
392
486
381
481
530
526
309
555
678
682
477
703
573
305
568
390
602
321
323
323
627
595
501
403
352
415
584
248
526
532
422
311
469
517
629
561
406
362
547
549
425
312
318
518
624
364
640
422
554
392
321
415
299
358
258
495
472
540
546
326
365
389
598
390
733
386
381
452
623
592
498
278
636
493
315
755
266
565
294
362
670
545
514
438
725
550
522
537
42
530
455
406
455
361
642
386
395
793
448
561
261
459
548
558
339
317
516
680
452
69
497
764
692
611
285
516
509
373
577
570
389
534
454
522
418
381
413
258
402
448
632
321
120
515
216
476
521
419
572
463
224
382
249
566
323
380
547
211
630
465
576
329
397
394
619
348
366
516
455
526
360
449
313
182
276
565
488
312
304
636
552
166
323
526
512
616
268
292
500
539
448
328
252
461
633
375
399
512
391
315
701
562
505
501
478
485
393
330
1000
521
497
191
460
385
357
557
543
528
352
326
429
601
411
191
552
428
264
370
480
361
597
485
754
662
384
247
449
401
519
388
381
395
401
371
618
412
480
432
568
537
423
435
679
627
573
450
475
389
490
798
471
394
452
667
361
378
288
720
262
234
333
591
546
542
673
454
429
507
355
215
558
480
811
418
402
531
309
641
495
278
536
373
499
358
627
322
499
516
362
626
487
510
417
640
399
303
445
593
707
460
411
396
334
725
272
314
509
464
445
410
486
327
598
443
510
510
396
404
588
582
326
234
531
332
573
705
511
439
631
353
597
492
430
335
209
5
376
436
352
311
526
537
505
304
434
514
516
629
508
181
384
550
391
601
153
604
546
241
495
445
263
538
450
542
617
519
388
362
607
437
425
296
304
283
324
378
573
405
453
486
480
523
372
493
612
455
266
294
340
726
417
779
355
524
515
413
281
478
467
618
455
294
331
503
311
467
490
353
491
494
418
323
514
475
584
308
517
344
612
316
437
614
414
412
418
266
570
627
440
249
548
539
388
657
395
422
698
288
385
619
399
388
300
451
298
498
597
291
322
378
478
427
453
450
397
428
616
513
377
578
359
277
300
681
377
501
448
642
550
650
409
519
494
368
650
461
511
274
534
491
556
558
234
258
260
535
384
412
482
618
323
351
487
749
639
298
481
522
370
517
529
588
569
275
235
233
389
305
343
384
356
372
637
363
489
505
410
240
338
569
458
372
599
596
272
533
316
633
380
396
318
375
428
388
331
439
495
435
707
298
644
361
510
372
357
150
320
391
306
627
326
451
510
376
552
469
483
729
541
551
429
454
435
424
429
193
588
479
500
300
485
327
347
333
859
522
612
590
292
503
388
534
591
448
395
478
542
316
358
728
438
559
193
695
699
792
658
751
304
526
543
136
391
499
498
591
425
315
669
545
386
290
405
400
383
673
371
677
436
374
582
273
468
488
288
612
463
462
435
344
505
722
582
601
179
494
343
559
554
222
461
418
499
457
457
309
442
413
367
345
313
321
599
185
426
418
546
398
220
363
258
480
522
559
557
483
351
501
359
681
448
299
373
244
654
249
243
529
283
334
163
635
422
498
556
427
329
450
446
615
306
581
340
355
550
555
573
495
293
654
580
431
626
351
399
551
270
553
589
417
436
238
519
451
470
388
425
551
368
612
611
437
283
670
539
442
357
290
510
478
567
434
527
386
381
362
455
494
568
413
448
416
669
645
349
303
501
485
558
526
382
438
336
594
528
538
528
520
358
361
414
368
265
765
480
218
471
727
307
439
395
497
155
490
327
439
562
198
503
667
210
474
388
542
284
468
429
432
582
312
356
483
420
354
364
328
327
516
313
546
443
438
183
428
487
599
354
688
477
338
469
531
386
491
429
591
626
678
698
428
425
353
100
246
359
603
245
340
585
612
506
624
272
618
245
298
716
388
727
606
388
446
470
301
190
533
604
508
655
576
512
436
475
516
428
545
345
394
486
575
514
419
648
655
398
507
305
530
493
364
345
312
465
566
196
236
393
366
277
193
437
428
523
785
346
523
559
495
500
583
456
520
524
515
398
452
450
291
564
375
391
415
358
560
157
625
497
517
435
599
196
293
606
365
526
489
390
412
364
406
420
384
238
529
564
629
241
386
489
266
519
332
317
506
335
381
489
521
589
209
551
389
430
474
432
288
219
796
636
433
399
515
375
192
332
526
357
666
522
467
628
377
498
439
408
132
484
427
508
520
512
176
504
435
613
367
407
561
341
474
610
313
478
442
190
352
535
596
496
572
387
693
496
420
351
622
312
282
402
454
720
524
360
325
352
323
446
427
354
289
363
501
368
266
627
267
559
197
528
284
324
552
434
502
103
490
426
212
367
484
500
476
581
648
430
478
471
480
395
441
390
208
336
444
406
701
484
357
448
398
422
388
488
151
338
739
397
599
394
412
632
707
729
511
225
350
277
384
428
442
520
111
367
469
310
554
466
613
717
264
598
501
518
660
674
459
289
159
590
458
581
461
387
468
746
446
546
222
455
505
520
358
413
469
385
262
694
120
225
482
483
574
405
473
512
454
618
507
471
265
464
483
797
477
517
594
392
574
386
219
274
550
655
478
486
513
474
436
422
383
555
463
511
342
130
432
614
403
432
374
505
679
414
512
414
577
453
421
326
475
490
704
680
314
418
543
504
243
641
511
478
376
628
446
524
225
688
235
624
133
442
467
637
714
301
432
406
468
494
530
806
691
424
411
366
448
572
442
411
531
513
436
574
501
473
418
235
575
542
488
432
510
338
443
456
382
487
328
387
348
559
461
470
403
534
271
522
687
439
615
651
491
800
531
483
426
375
548
308
217
399
422
449
654
751
448
259
344
796
526
171
335
482
331
409
352
658
343
458
329
725
420
467
470
670
424
743
338
485
504
524
351
327
395
494
302
534
421
403
570
475
533
638
478
525
499
382
478
560
497
576
612
458
227
510
555
638
348
423
628
436
558
375
637
312
470
724
610
500
442
342
324
448
660
408
360
347
590
443
729
356
456
492
234
477
672
508
454
575
607
397
590
422
502
414
175
634
417
642
405
575
268
450
263
457
388
245
398
269
539
554
283
521
465
190
354
474
292
593
291
584
661
362
608
379
577
304
293
398
447
199
286
630
512
355
536
535
570
509
462
431
516
660
487
514
416
344
433
454
338
344
563
677
440
648
317
525
308
474
592
776
360
397
290
474
449
673
384
148
479
566
799
355
293
433
446
356
393
582
359
402
523
582
383
454
502
447
359
625
446
526
536
590
563
584
449
536
431
657
567
313
370
423
385
540
355
210
468
528
311
619
381
728
402
332
469
437
271
471
307
389
666
463
492
330
512
384
510
300
546
468
363
464
528
206
495
710
579
282
304
64
308
534
320
588
621
390
520
469
623
565
508
662
132
591
379
549
456
419
721
324
662
126
782
648
640
189
542
619
678
665
409
665
449
508
290
474
521
351
202
583
295
650
410
410
473
542
518
676
520
395
556
373
394
333
408
258
442
376
326
617
466
676
348
444
429
426
441
323
605
505
291
422
374
777
421
376
623
424
399
480
383
120
336
520
491
269
381
110
383
600
503
392
238
276
242
494
255
322
557
452
389
361
531
303
578
255
613
371
493
362
498
438
473
403
185
614
352
543
315
637
539
361
230
711
383
240
487
529
641
254
405
491
274
504
640
459
217
366
345
550
283
347
487
243
355
511
566
519
537
591
283
230
533
483
506
371
673
525
378
372
339
484
245
504
534
320
425
525
496
890
485
296
608
588
418
295
462
396
509
548
611
704
693
365
512
444
375
494
498
342
482
536
365
643
299
339
413
346
417
561
416
353
436
462
391
427
788
465
544
363
423
459
417
250
409
412
591
286
463
381
395
413
577
564
584
484
479
425
585
553
381
200
365
526
564
520
213
236
430
475
473
469
557
442
563
382
566
386
377
470
513
656
376
469
244
525
590
520
496
514
419
398
554
288
321
345
472
340
529
383
298
650
428
531
278
481
518
322
389
579
446
695
644
394
490
239
340
412
458
462
478
214
484
499
452
289
496
436
400
279
378
382
589
659
344
722
584
485
673
406
429
434
564
681
403
382
326
443
485
310
567
532
503
551
553
515
693
152
411
405
527
323
434
323
491
331
709
448
590
627
486
550
590
621
401
476
462
105
473
685
437
420
470
624
730
287
308
455
245
533
853
300
365
546
260
361
363
387
547
629
612
132
498
196
544
471
578
560
297
367
188
576
433
561
490
412
559
355
580
418
189
291
479
422
484
566
348
251
366
486
714
287
265
247
525
651
618
373
485
505
216
515
269
734
582
435
582
544
676
704
353
397
591
395
467
443
379
396
414
440
168
487
192
453
569
441
682
363
348
590
478
258
755
478
361
521
528
77
566
333
249
248
627
519
397
197
571
490
631
186
403
633
557
368
606
460
340
418
341
564
125
534
741
477
264
588
594
586
717
370
245
384
621
292
620
465
324
561
339
392
545
385
265
350
510
492
333
472
499
430
475
404
579
656
583
418
237
706
199
374
518
624
409
589
504
353
396
626
306
395
482
465
698
614
565
699
380
512
369
408
354
569
601
437
316
432
360
622
434
554
577
427
402
535
385
252
503
359
573
579
388
319
389
417
548
244
477
332
606
328
558
288
706
107
333
414
394
366
283
173
462
416
428
372
462
472
639
236
341
271
347
583
442
620
344
605
262
768
380
524
481
235
399
253
155
326
548
567
293
319
691
552
119
278
497
691
387
371
386
673
407
564
625
541
531
307
537
388
389
528
324
399
594
544
495
266
613
668
182
430
265
404
212
432
559
324
320
466
576
258
801
481
313
502
866
258
454
460
496
507
507
359
589
502
580
606
430
487
318
467
697
260
452
637
328
283
390
476
736
200
584
575
253
339
376
286
642
273
203
573
423
428
430
334
303
216
335
388
636
572
341
376
377
328
607
589
498
462
431
383
494
469
398
590
441
601
377
612
736
423
427
562
620
513
342
460
359
461
581
406
551
461
640
484
447
345
155
604
422
340
390
482
543
351
512
397
337
236
562
628
260
432
568
481
352
480
694
421
512
325
429
361
388
736
549
513
560
566
507
508
360
416
253
405
368
510
263
286
347
534
273
414
462
619
426
587
587
420
535
389
412
205
379
251
511
349
296
321
354
423
224
568
402
508
684
394
376
668
664
425
382
432
375
329
450
550
478
477
336
641
412
546
325
559
459
469
396
335
440
510
439
368
414
329
178
402
525
474
468
492
363
445
619
577
488
485
418
369
429
479
382
176
696
452
488
213
487
711
458
428
509
308
438
598
556
699
602
197
436
453
471
303
528
371
469
357
387
418
368
636
428
359
295
429
349
493
415
744
417
308
560
466
607
651
628
256
648
497
229
142
322
378
370
380
632
567
415
534
625
294
142
483
496
292
339
448
506
358
480
491
549
470
469
392
282
425
270
483
507
362
565
658
466
151
365
202
205
488
635
186
517
569
452
395
300
447
294
492
451
409
313
562
364
674
143
295
511
515
441
645
623
320
417
680
349
202
736
266
288
465
477
327
583
597
447
574
411
337
611
531
681
392
420
351
438
489
274
242
309
340
582
453
455
748
501
432
247
480
510
358
486
756
445
552
340
484
408
430
234
536
356
225
723
300
232
329
510
350
379
603
278
254
373
470
301
184
420
313
361
337
416
293
449
504
605
436
502
660
409
356
461
267
346
606
659
461
572
298
552
295
200
484
463
407
335
309
122
540
462
732
315
330
382
349
474
606
571
509
304
401
536
595
554
198
459
262
351
177
315
121
544
237
550
480
52
352
566
402
382
465
255
606
437
289
584
398
256
444
334
388
409
471
297
461
348
585
506
388
521
561
319
293
304
411
286
504
248
404
448
523
337
201
450
362
505
371
676
482
570
442
794
315
460
210
274
564
312
396
375
52
429
561
312
556
688
335
492
475
532
484
475
560
435
286
227
528
602
385
541
250
516
579
288
691
429
450
557
536
609
222
259
552
498
313
458
417
654
451
332
259
426
545
453
624
705
366
330
486
408
638
587
499
334
264
376
489
529
229
604
577
580
306
399
388
373
554
484
521
506
461
356
314
590
482
284
435
267
610
367
252
461
579
478
487
476
429
521
345
407
353
311
334
386
580
719
306
456
241
526
322
424
490
537
461
132
616
650
504
539
485
413
575
428
415
402
557
435
360
467
269
324
763
382
550
253
418
313
328
365
289
478
363
725
405
426
482
303
263
650
363
463
515
713
543
608
580
559
705
461
692
351
501
584
775
620
399
491
418
531
399
496
374
380
582
385
488
493
258
370
230
340
454
405
584
629
302
505
581
685
466
532
367
448
521
266
331
639
482
306
526
238
456
564
235
378
436
643
451
575
327
364
413
395
406
523
245
598
409
262
469
525
624
354
292
397
449
568
489
182
342
673
490
604
319
292
529
517
385
533
458
516
484
584
449
387
436
116
384
513
121
574
527
519
446
347
449
430
641
453
254
481
573
445
244
415
695
443
331
359
161
524
539
479
191
483
601
474
298
570
570
364
474
337
431
414
448
664
504
685
659
388
450
533
308
598
580
404
627
450
475
565
265
747
304
487
401
560
496
461
385
334
488
463
575
464
561
619
488
690
733
374
386
352
756
279
428
535
368
751
377
402
288
704
477
458
310
399
425
385
684
450
384
174
197
584
285
430
301
445
708
560
322
341
532
356
481
287
388
554
519
396
415
595
781
478
726
646
483
506
454
153
442
478
316
219
529
338
430
301
335
437
544
348
208
648
456
211
343
271
575
640
819
429
192
283
582
437
560
350
408
529
195
297
520
618
423
518
509
448
407
195
603
513
455
605
573
418
388
593
372
367
511
310
286
176
521
538
339
469
624
542
450
310
426
489
369
577
415
463
286
409
462
475
418
556
615
353
402
542
591
255
373
467
536
482
623
396
417
279
576
353
475
787
210
325
537
231
558
426
470
487
303
699
360
619
253
580
549
538
429
448
409
482
281
501
246
385
352
278
339
404
271
375
376
457
437
320
282
385
436
690
368
643
91
513
324
706
492
476
422
340
486
354
424
468
663
392
538
298
420
379
662
642
406
569
269
181
441
396
288
332
551
528
492
243
390
487
609
494
426
513
789
634
442
561
157
413
478
367
339
439
354
778
367
464
405
633
368
235
467
747
443
219
601
343
420
356
329
633
434
398
600
442
626
327
533
541
460
470
228
638
361
277
358
127
268
545
401
565
239
543
526
307
684
439
682
174
569
432
460
547
170
502
528
340
430
326
562
539
442
616
382
563
630
377
474
615
300
296
413
772
415
557
466
200
611
361
244
579
395
419
467
544
422
447
335
374
557
173
525
412
265
387
164
331
520
666
381
307
528
570
542
432
325
399
411
377
510
428
112
607
392
697
461
520
493
529
386
686
405
407
375
522
293
241
333
362
487
330
202
418
512
527
503
350
430
226
336
670
381
472
439
231
402
629
361
147
439
723
650
432
631
547
501
498
359
454
487
480
630
408
385
572
576
387
326
206
346
575
517
802
496
556
491
628
493
718
599
389
663
329
657
319
479
469
465
330
594
628
416
634
605
662
489
610
566
457
442
342
305
574
221
554
397
413
597
316
318
373
576
549
283
547
576
728
650
332
452
343
239
602
455
345
78
349
540
329
621
620
222
521
222
780
636
479
484
393
456
428
327
357
274
350
538
386
420
394
432
423
192
275
487
459
394
341
445
271
545
331
543
546
256
370
493
312
215
471
302
596
517
460
618
710
251
318
429
399
450
438
493
365
539
600
474
542
449
438
390
370
214
610
391
600
644
427
496
239
711
309
397
464
525
557
356
220
361
322
300
765
411
433
489
569
570
123
679
433
387
633
330
343
657
320
363
281
551
424
408
490
295
585
178
341
516
399
500
366
499
505
491
347
272
640
565
455
456
349
572
463
291
518
585
474
630
495
352
577
465
257
373
502
423
813
355
479
551
654
644
588
685
517
430
424
790
495
373
571
275
229
478
336
254
522
431
523
575
443
550
559
564
438
350
536
193
580
367
403
408
348
408
559
477
528
281
339
639
408
397
149
564
628
606
512
595
739
395
563
417
400
546
250
649
696
227
680
570
433
698
524
577
142
448
355
435
394
442
320
655
348
620
203
552
417
513
274
331
416
504
623
395
737
396
417
486
589
440
613
396
468
251
570
485
380
466
484
536
728
585
312
565
402
453
451
358
689
557
477
322
684
480
586
227
490
311
642
212
331
483
414
449
632
560
504
548
359
596
594
537
388
535
462
358
388
510
465
509
643
474
450
560
300
576
549
260
407
448
215
572
576
310
492
491
550
666
371
601
404
787
372
496
718
411
389
738
634
471
524
639
335
543
336
575
565
224
124
345
213
430
381
523
592
429
458
501
587
420
488
883
353
185
544
560
448
436
362
140
466
634
407
517
768
564
373
526
454
277
509
446
465
331
490
480
533
280
439
332
242
661
546
530
372
425
351
386
384
413
512
546
458
482
533
370
354
340
543
441
469
362
638
549
408
793
496
491
494
496
479
547
385
457
605
570
605
479
553
300
375
342
531
358
476
439
549
503
459
295
343
511
725
359
472
568
495
604
467
451
336
339
375
499
402
505
321
522
464
330
384
449
584
385
502
264
399
256
444
315
515
433
478
501
620
131
326
569
228
540
522
296
534
403
611
563
442
308
303
277
446
431
419
385
370
415
446
295
501
414
429
595
519
737
249
431
395
525
