142
844
343
928
267
385
921
228
350
668
435
782
588
381
540
847
830
287
365
588
2
599
889
544
914
14
210
973
524
441
911
941
249
363
185
562
816
997
690
292
331
693
528
833
337
11
212
265
26
26
43
689
768
430
886
718
352
996
286
487
227
11
88
994
609
440
773
828
788
930
45
522
999
228
527
329
117
491
621
830
270
16
8
942
380
701
425
53
341
193
600
761
703
902
256
425
452
427
372
864
240
76
636
589
632
533
622
652
520
537
380
996
722
338
615
277
635
193
872
67
437
232
918
515
855
492
705
220
91
178
586
907
325
818
530
547
648
782
134
659
664
308
384
427
776
293
752
445
454
751
706
724
204
504
926
351
68
914
374
525
827
306
249
32
355
970
361
692
11
315
569
933
719
580
400
823
497
227
459
53
874
582
628
209
437
940
373
899
724
460
460
759
558
812
825
831
985
716
835
585
864
817
760
405
764
22
64
22
922
589
263
486
327
127
719
509
908
805
599
617
451
295
706
753
159
41
433
276
638
147
904
512
531
861
261
780
818
858
409
44
204
63
574
924
547
929
603
873
107
520
715
839
535
558
560
119
999
208
889
381
538
418
182
964
994
244
181
908
451
570
751
210
652
826
862
951
875
67
964
205
33
241
384
197
660
15
836
559
158
120
815
237
198
10
634
702
822
509
446
966
576
169
845
57
87
289
196
195
352
23
850
645
182
981
203
203
155
986
888
970
458
128
26
98
176
221
238
721
305
974
187
6
208
587
798
384
918
342
570
724
586
959
198
997
345
160
453
809
305
289
451
680
299
525
360
297
930
65
121
234
970
218
648
909
684
145
373
668
583
866
853
799
7
382
246
148
621
152
2
847
524
585
778
591
429
977
803
388
429
608
114
650
702
605
592
691
973
435
911
744
750
563
256
294
426
640
715
400
487
231
900
991
119
148
118
595
378
98
208
331
331
755
720
691
627
419
691
783
900
222
852
936
829
62
551
226
610
212
454
743
298
156
876
865
166
146
241
680
617
877
632
402
473
494
558
356
846
117
750
868
823
53
52
673
263
624
232
753
379
239
9
53
45
177
850
893
283
18
607
922
484
652
17
740
525
470
77
434
14
512
13
700
716
151
40
655
61
21
641
972
450
555
628
544
190
310
603
675
774
743
437
929
350
302
378
559
323
255
74
848
398
357
771
179
645
208
827
132
285
117
165
512
662
843
854
340
745
257
270
160
372
866
570
648
175
45
451
450
856
413
818
840
51
740
594
761
934
778
132
137
455
288
762
983
551
767
114
97
569
519
903
405
339
612
291
435
740
274
122
608
418
677
664
224
727
144
877
260
736
347
734
890
28
797
922
764
850
975
978
850
752
511
511
207
384
55
718
325
285
799
648
363
289
994
38
412
406
831
719
776
171
858
953
648
808
235
257
242
751
651
631
699
423
577
796
264
590
499
816
387
139
18
632
156
685
668
656
164
632
152
634
940
507
278
689
123
339
890
445
676
893
294
519
468
760
32
837
899
188
203
956
507
940
7
180
107
896
110
154
894
136
855
585
962
72
455
594
810
512
43
359
206
179
367
159
748
425
706
38
581
537
117
730
128
84
562
966
200
91
715
172
172
702
1000
967
263
875
393
816
352
356
649
854
919
419
919
394
366
929
546
778
615
179
582
508
791
573
966
112
162
799
209
576
774
82
67
884
693
73
780
801
170
248
782
286
885
287
157
806
754
867
586
410
703
675
928
101
230
964
902
698
234
568
155
195
657
247
611
569
588
530
390
702
190
488
27
729
972
848
235
791
272
541
858
380
839
623
641
193
614
159
766
936
844
873
483
249
178
963
573
86
872
768
512
166
497
72
434
551
259
97
262
709
263
792
524
483
144
475
923
231
171
954
510
770
515
505
119
411
942
719
606
230
641
967
328
848
693
342
77
412
252
35
684
849
978
225
61
487
790
384
349
658
105
85
363
631
227
271
833
606
82
817
778
161
124
987
211
238
819
569
719
12
492
935
25
796
908
555
763
708
24
356
629
608
572
112
879
731
195
124
34
136
463
193
85
487
513
792
962
798
140
276
941
611
524
263
957
304
94
94
127
69
609
946
479
123
354
782
107
235
946
778
231
86
255
800
241
201
989
670
653
799
478
41
206
381
680
668
112
753
956
857
853
528
422
52
543
350
770
320
229
945
641
24
780
147
728
504
584
55
730
64
236
144
298
233
221
30
744
691
286
240
972
378
878
458
163
588
422
198
880
545
880
845
987
782
394
758
928
315
370
876
815
709
804
914
70
378
420
657
569
986
762
506
153
294
150
999
987
583
778
411
518
609
249
625
760
445
686
212
394
807
329
251
586
14
565
988
807
960
521
793
538
422
751
160
385
391
459
551
830
946
241
141
130
701
988
597
11
435
278
818
923
740
350
449
216
5
988
946
223
125
501
200
634
413
992
861
27
495
451
23
597
342
886
506
521
645
514
578
548
36
50
559
794
158
504
581
903
667
307
57
651
363
412
335
900
494
661
451
901
199
508
581
982
507
100
964
148
228
460
36
452
941
562
701
806
625
724
328
756
826
187
456
234
229
142
570
35
237
369
149
546
948
512
544
534
364
445
497
804
624
306
282
385
523
932
394
193
577
357
530
159
61
572
46
494
923
144
631
648
385
46
678
646
555
709
635
107
318
507
83
636
440
379
267
643
395
735
197
996
709
72
409
65
143
912
275
574
140
312
466
742
383
414
505
928
166
696
677
170
950
994
625
695
108
601
709
765
250
559
530
62
571
116
709
534
853
634
807
433
705
266
253
205
16
546
134
80
54
67
718
659
960
174
403
383
421
989
222
41
527
798
41
463
598
827
419
764
860
499
833
968
617
57
530
214
900
722
298
680
773
161
392
640
747
17
411
312
861
42
937
353
214
50
46
83
96
748
193
726
878
55
639
610
300
42
262
807
629
993
498
303
801
207
862
101
862
265
614
89
471
401
218
400
839
197
522
423
451
559
247
304
936
162
50
316
721
487
588
315
758
101
920
842
381
126
313
601
721
854
782
563
957
694
53
559
41
779
870
806
43
77
543
630
573
350
597
858
121
788
809
62
809
655
885
878
549
450
327
118
984
865
687
395
349
69
326
827
896
537
946
959
548
985
696
6
43
698
605
171
537
975
957
243
36
60
431
757
145
741
739
286
109
121
366
539
137
270
85
892
663
449
837
695
381
872
675
125
690
922
217
119
566
799
798
785
348
13
502
91
704
840
903
110
499
769
454
245
803
58
742
793
39
670
698
40
401
398
237
563
421
684
600
240
2
824
237
43
895
73
502
763
374
64
388
939
792
114
734
254
213
562
528
338
79
268
415
960
544
596
695
459
207
719
485
72
379
580
353
900
792
896
868
618
520
376
861
332
321
755
917
230
736
476
772
375
674
505
204
17
314
308
146
739
308
700
575
128
938
920
488
486
916
179
54
396
886
323
185
373
823
206
500
541
748
427
132
116
380
304
799
957
276
71
476
382
913
30
965
551
943
161
576
733
59
849
712
761
651
215
222
256
7
314
880
13
441
370
349
537
450
195
899
978
348
512
683
441
915
373
206
775
776
308
657
444
507
37
860
688
717
754
125
564
263
798
102
339
674
296
807
325
844
756
221
774
489
637
505
475
265
739
764
957
618
898
88
638
364
739
813
595
45
174
471
89
624
235
225
703
283
961
958
650
992
711
757
28
947
297
788
794
477
725
955
487
202
801
572
608
588
952
188
6
878
33
905
842
512
976
259
40
740
487
876
459
638
991
16
383
900
449
644
431
732
248
914
894
535
341
382
498
253
113
397
913
57
45
995
617
658
922
187
962
71
540
79
996
455
508
18
197
29
921
351
467
2
840
711
223
993
657
348
750
682
659
634
603
77
133
509
777
842
167
885
997
242
987
491
562
819
734
936
224
434
958
332
545
604
456
753
684
94
680
841
943
68
55
597
927
20
841
738
571
553
538
471
124
423
442
404
342
68
604
101
536
383
56
443
833
157
897
105
607
213
189
531
972
619
973
814
785
471
33
503
800
642
963
270
241
424
764
638
264
500
524
876
791
880
281
678
181
866
46
1000
490
933
166
328
694
99
689
611
80
784
548
149
16
760
363
233
484
333
831
314
27
983
431
26
675
31
938
244
91
159
661
804
233
923
365
623
566
781
353
487
557
289
45
494
915
725
521
321
564
585
679
58
307
24
721
10
912
948
148
342
806
876
974
128
802
787
729
501
74
470
701
64
33
616
915
195
721
838
323
882
606
431
961
33
107
184
315
175
700
630
950
403
115
308
15
318
266
523
671
213
453
831
815
815
491
507
963
931
989
866
977
626
493
634
198
385
365
929
101
888
203
135
432
362
571
107
157
848
816
105
355
244
811
989
247
12
160
882
493
686
990
709
678
162
899
396
763
227
300
102
945
272
985
569
981
624
59
187
223
876
613
479
59
864
376
49
117
629
841
148
187
561
487
929
143
444
805
920
876
235
228
966
165
360
409
280
275
77
742
658
417
770
301
654
604
222
48
669
898
762
448
54
187
311
566
531
982
649
577
741
204
206
555
366
605
101
604
651
76
380
947
993
942
265
637
167
222
963
390
442
246
816
802
484
329
924
128
422
629
384
513
381
160
394
714
200
454
76
851
806
115
553
504
906
470
496
959
115
587
408
559
70
600
80
382
655
248
494
899
915
548
718
289
200
597
578
796
907
414
418
445
915
165
27
447
347
485
938
175
772
819
789
216
852
448
411
663
538
726
35
295
857
835
750
198
796
719
2
645
667
535
31
712
637
33
28
981
381
633
348
442
785
6
214
170
812
897
896
516
368
376
645
808
980
876
729
547
566
476
555
233
614
257
418
613
51
798
69
136
626
43
831
726
185
884
795
827
30
81
880
787
271
840
165
135
101
62
437
841
633
301
159
543
93
292
160
10
975
689
893
243
353
384
488
590
704
214
549
447
699
351
297
10
173
655
326
483
19
116
850
238
985
518
87
264
421
612
130
162
48
394
861
640
225
393
899
923
799
580
636
434
996
766
49
148
666
421
798
483
301
188
902
24
767
93
539
986
503
991
566
65
617
645
681
458
820
254
842
680
798
705
663
394
972
494
625
250
222
441
669
387
685
416
947
503
288
438
85
62
146
571
460
290
531
480
245
545
287
656
773
898
247
44
127
421
192
827
158
389
183
316
518
302
749
758
129
503
981
491
432
196
3
800
999
96
868
191
954
996
653
802
599
743
102
895
96
516
107
999
843
102
76
564
790
453
756
788
921
422
441
155
415
447
426
312
29
398
985
761
162
202
992
846
770
543
676
483
555
120
624
801
695
416
428
621
301
648
99
611
36
136
32
732
152
57
156
844
727
340
61
702
179
930
678
366
690
829
241
138
504
499
1
193
398
883
254
348
907
875
533
232
792
795
469
627
161
83
269
119
479
157
779
373
956
502
692
639
680
244
933
493
72
610
25
896
590
223
699
905
750
297
68
945
237
339
795
16
628
509
117
849
670
600
52
237
340
94
785
566
484
435
807
254
29
883
597
689
206
999
781
163
433
187
487
540
310
870
139
72
576
119
599
841
670
1000
849
953
787
945
963
917
535
460
18
727
603
431
587
42
115
409
763
800
427
172
361
574
213
633
331
865
290
978
493
263
179
671
231
339
103
527
79
30
803
772
714
883
815
435
905
391
266
805
671
544
125
394
174
483
99
320
469
732
831
179
599
349
459
473
488
59
770
803
585
895
921
726
892
594
362
874
23
83
700
624
648
740
939
293
472
705
850
551
682
459
792
614
43
688
324
810
419
74
449
863
721
130
948
908
718
593
110
126
812
800
395
67
34
70
540
591
592
198
486
898
733
608
489
515
659
85
711
928
784
599
790
598
757
89
580
649
494
638
197
454
232
129
3
607
926
421
516
876
715
693
606
476
203
610
686
656
165
437
957
724
925
483
838
226
851
515
321
281
747
327
148
479
98
256
37
301
672
345
814
831
224
919
731
291
144
750
936
135
378
221
223
129
32
194
534
535
989
39
116
326
716
271
621
844
234
232
935
586
438
393
885
151
342
468
352
488
563
457
957
292
302
342
945
353
954
838
486
483
541
311
379
793
237
554
6
781
617
524
660
302
801
725
286
543
571
680
743
268
753
500
836
208
201
15
263
210
731
359
244
632
636
526
731
223
484
618
18
970
664
685
426
957
512
98
716
257
186
456
643
171
878
654
901
846
493
9
95
51
693
141
474
693
308
319
453
181
161
61
470
544
159
285
139
926
165
97
592
956
343
552
503
404
601
764
322
722
34
475
942
39
794
309
51
947
152
81
310
260
347
382
850
550
513
562
63
844
780
8
478
677
456
453
812
485
602
72
172
479
825
151
582
413
964
962
388
4
356
838
530
620
801
963
109
1000
995
265
860
369
689
755
444
674
969
62
871
848
750
100
354
520
809
769
793
687
54
228
228
891
591
518
260
223
355
289
575
625
992
154
838
335
463
252
472
641
617
83
90
181
228
49
627
420
935
187
288
181
925
252
365
404
303
593
350
949
11
567
693
270
192
348
326
475
407
283
570
958
383
881
660
358
982
285
439
473
600
469
129
91
430
877
216
932
448
845
424
588
220
793
768
885
825
898
684
415
941
162
264
197
101
257
838
193
704
569
357
742
361
393
821
423
713
276
354
3
189
110
991
891
57
619
554
156
252
282
943
984
273
755
376
559
275
209
286
617
769
150
755
37
447
209
343
330
197
320
954
239
87
465
972
38
449
526
508
925
919
794
423
503
150
920
780
403
706
790
318
543
454
714
960
433
358
806
211
788
387
501
743
625
655
459
733
773
764
226
986
130
502
144
360
485
387
975
929
931
125
237
255
464
86
804
577
298
375
105
383
98
806
230
107
853
863
559
425
542
658
786
775
123
546
449
864
833
833
740
446
527
579
673
577
434
163
316
151
570
492
104
495
795
473
312
464
610
272
331
629
786
456
661
188
447
52
234
365
910
986
306
765
639
428
11
606
427
959
573
16
628
213
431
360
315
814
505
969
142
721
672
488
882
858
37
895
550
117
441
715
352
78
663
718
902
545
477
200
43
34
225
238
66
529
935
356
441
487
415
845
479
69
158
539
561
185
624
863
412
203
702
802
30
454
643
567
417
373
142
951
158
319
70
116
188
694
19
193
34
439
723
175
316
962
760
813
858
802
49
136
245
948
882
351
154
940
256
283
606
647
70
911
514
541
840
727
820
638
55
539
618
553
921
231
952
999
179
283
18
695
14
760
465
406
829
994
876
354
907
318
810
127
364
531
39
961
161
509
56
356
748
346
864
170
336
836
519
810
993
68
381
806
196
240
784
720
944
273
126
668
972
215
539
460
559
757
396
828
454
363
261
975
665
549
231
246
209
953
761
978
703
994
749
512
105
105
257
972
255
367
402
948
989
43
945
794
277
731
977
484
930
554
263
779
517
837
380
637
135
975
847
262
353
908
725
831
854
100
427
648
489
420
259
914
806
122
797
366
49
382
576
559
171
301
686
44
221
575
732
372
959
378
414
973
767
437
98
769
137
962
511
741
253
44
390
842
188
405
295
687
856
38
963
591
297
530
170
576
190
424
104
96
481
366
251
368
230
397
342
316
609
531
451
259
415
25
36
957
222
805
976
440
895
121
481
953
840
262
903
865
781
944
255
597
580
947
508
254
488
201
819
120
606
648
484
456
89
286
211
73
399
851
350
947
770
307
13
507
478
797
562
999
68
186
863
94
221
807
329
456
453
532
863
422
245
661
821
605
168
42
700
294
442
465
643
905
979
852
700
107
375
230
249
735
895
187
801
982
899
142
489
936
98
345
759
23
255
292
584
828
874
233
821
293
333
132
70
21
23
654
973
297
322
731
109
909
16
207
902
544
766
993
227
209
116
150
934
98
789
724
310
803
723
745
178
608
359
24
689
736
357
674
370
746
779
730
742
402
878
879
29
49
751
139
83
600
630
414
752
239
254
697
114
235
332
151
820
501
225
449
225
532
450
892
313
870
939
292
69
932
299
178
582
768
903
948
920
912
485
226
216
227
525
780
360
171
761
948
818
748
841
956
22
421
671
778
185
91
201
781
967
793
904
327
420
966
791
147
842
337
109
21
658
45
697
524
91
453
824
806
104
729
170
426
372
858
458
754
973
704
97
900
157
711
800
503
279
792
145
875
470
923
201
537
284
593
509
683
310
718
847
599
76
793
461
472
252
722
744
863
162
848
518
667
925
883
48
558
264
809
347
186
97
946
635
112
509
764
169
520
733
855
210
904
463
379
214
650
419
415
330
834
366
732
254
172
613
779
491
759
276
193
957
537
30
419
945
282
464
301
752
200
27
623
905
685
908
279
33
307
208
48
193
592
658
613
756
473
223
372
468
243
590
159
726
53
403
109
471
77
861
462
256
186
514
629
171
742
479
774
765
941
910
454
703
697
917
98
62
568
943
396
342
589
293
998
462
427
814
111
487
258
605
498
177
650
748
585
819
47
557
600
226
649
309
735
887
38
669
859
594
158
928
586
69
360
615
665
821
193
741
568
481
497
884
230
426
720
813
427
728
3
112
151
621
846
442
521
529
214
774
565
282
536
512
248
100
989
684
381
367
285
631
668
97
305
824
7
959
481
165
153
463
552
793
844
986
61
373
111
663
508
973
367
183
843
629
827
591
675
411
232
469
998
627
939
738
662
71
316
412
840
382
568
570
344
802
308
963
908
658
631
705
388
356
182
711
844
264
229
628
842
99
633
995
490
172
539
106
767
34
945
827
485
196
378
253
207
237
322
203
82
674
176
835
758
698
469
918
852
495
444
750
469
615
720
645
58
805
669
360
993
748
936
493
163
581
692
22
577
55
732
119
422
608
960
321
240
981
319
895
827
450
370
806
616
264
913
968
952
152
143
240
682
518
56
593
906
491
217
272
620
668
929
220
624
246
866
152
758
61
354
571
305
811
445
509
859
82
731
313
21
281
308
157
365
635
539
241
490
969
260
59
777
858
916
811
682
884
135
514
299
56
329
559
170
338
465
648
874
732
360
523
629
590
341
886
767
278
328
842
932
122
773
229
763
433
813
603
729
374
400
551
934
289
94
152
91
856
163
104
869
194
78
885
730
401
642
240
784
5
626
797
607
215
729
293
480
348
941
659
331
353
203
241
430
348
462
295
904
118
982
62
548
881
607
470
222
593
73
691
120
903
476
250
430
542
70
404
92
178
552
999
142
485
112
374
888
500
650
201
298
395
50
406
802
110
853
249
446
993
635
32
405
495
269
760
863
200
59
593
416
653
201
545
844
140
903
865
405
965
50
367
273
871
180
698
421
39
339
732
344
569
448
386
329
231
823
240
359
119
903
667
99
374
301
453
712
376
769
931
758
404
329
41
290
854
638
45
553
604
900
984
341
912
249
999
678
4
510
641
482
600
687
743
385
962
214
928
237
893
967
564
43
664
774
376
102
461
406
893
750
925
467
588
486
188
270
363
173
592
893
879
39
39
165
574
198
181
850
60
922
260
944
829
361
361
886
855
421
79
572
70
173
492
377
607
703
403
354
686
989
564
401
740
131
866
59
666
496
183
797
732
449
273
396
393
644
526
290
326
277
397
759
94
283
769
121
851
652
794
165
918
834
193
709
213
600
306
872
966
503
787
2
293
93
508
142
674
275
187
518
803
752
553
374
274
825
531
748
338
568
552
348
919
365
553
143
172
143
568
179
673
323
217
844
39
657
731
106
343
253
871
234
118
889
871
986
447
612
325
764
118
49
800
96
806
501
899
794
367
349
205
6
984
575
807
818
664
956
106
529
400
901
641
351
267
418
755
161
434
287
167
432
509
358
399
102
588
987
835
740
900
861
108
731
15
858
325
713
952
989
104
85
886
150
978
639
600
540
966
664
185
362
364
322
754
414
467
97
584
264
114
220
160
121
680
473
127
623
429
865
318
928
17
699
631
459
902
399
205
539
76
856
437
606
53
409
353
528
863
753
726
71
637
77
666
879
786
825
486
169
702
624
259
993
195
178
765
60
188
822
336
674
614
839
132
643
709
28
195
698
914
352
483
541
873
453
148
657
773
43
459
759
257
23
472
432
671
105
933
940
558
998
27
855
608
393
988
836
930
24
160
38
788
907
831
104
436
863
304
156
720
346
601
352
959
634
176
413
423
604
252
297
690
466
223
974
918
580
878
973
673
603
934
728
64
625
220
489
112
399
848
283
205
474
968
24
385
618
206
579
389
44
514
442
828
366
824
338
758
103
747
947
623
979
267
51
221
304
443
906
626
436
606
527
255
674
936
81
616
270
633
761
230
750
522
541
65
243
441
630
896
459
780
80
768
570
479
749
473
34
260
646
222
922
387
53
726
819
226
22
197
742
459
301
539
887
422
108
811
719
620
298
55
855
754
782
252
722
819
590
337
63
840
271
310
521
800
389
628
966
27
194
546
778
483
44
146
596
370
21
908
119
299
289
925
49
175
224
915
152
493
534
550
955
403
424
622
676
700
214
53
322
832
115
293
688
626
970
807
417
668
945
480
409
578
456
803
559
149
992
956
561
715
329
516
165
923
361
131
783
155
366
532
945
715
619
931
925
979
977
928
461
815
735
435
941
503
423
915
309
836
878
833
675
948
81
68
415
715
440
821
621
291
478
536
255
464
357
90
28
341
403
809
271
997
780
624
469
287
774
613
567
91
996
211
681
642
7
814
385
904
879
557
277
966
5
237
380
603
74
963
212
481
572
242
970
917
98
9
342
503
523
953
376
442
760
2
252
154
898
987
738
784
215
683
720
768
999
588
193
685
719
260
460
290
700
690
734
565
264
33
97
702
34
138
71
707
755
900
191
926
891
507
815
75
42
599
741
879
377
810
792
362
257
334
674
335
530
616
569
991
651
386
221
502
339
39
157
390
752
153
497
488
395
283
524
212
642
18
74
326
151
608
385
697
557
533
189
687
357
537
198
246
406
885
451
660
449
321
345
321
966
171
225
153
913
69
387
46
408
54
216
305
411
991
277
652
216
315
692
283
499
689
431
653
681
913
498
117
932
190
830
962
228
435
168
325
915
754
165
790
197
139
777
154
74
83
791
66
355
320
329
401
757
402
33
516
92
717
674
471
925
211
876
739
225
963
496
264
351
678
958
834
366
484
733
758
262
659
995
62
512
32
692
773
666
427
718
705
270
309
529
312
31
127
801
344
522
928
15
279
983
2
59
333
418
733
235
266
678
305
533
633
311
192
747
846
996
306
537
739
778
783
274
723
493
939
513
141
602
166
54
692
839
253
481
427
349
603
101
631
438
496
401
82
310
198
707
483
335
203
844
914
206
985
289
721
23
348
975
644
391
215
224
258
923
838
664
316
34
280
595
865
204
947
670
98
291
873
278
793
804
696
866
384
322
539
6
890
194
10
269
884
396
935
595
690
703
477
48
525
88
53
444
117
827
364
788
830
696
488
705
36
264
132
449
107
321
1000
636
54
345
215
942
314
497
218
124
545
490
836
155
361
732
465
121
901
960
242
896
492
42
544
493
945
253
425
835
696
660
935
599
118
163
744
436
631
286
163
272
161
769
361
283
935
532
469
396
302
763
617
814
446
530
542
963
79
882
735
87
313
511
956
626
697
523
724
389
128
86
824
908
99
329
916
401
682
621
558
745
465
346
42
776
34
884
403
705
404
687
295
806
858
273
848
820
102
527
152
923
306
547
42
573
547
128
978
951
206
459
312
491
778
83
159
615
918
641
915
484
720
416
293
94
422
439
83
342
236
783
970
495
624
413
116
707
166
789
535
786
140
225
13
375
793
466
845
455
362
537
82
135
417
774
514
98
675
422
168
818
641
443
210
242
255
948
250
915
175
599
264
287
953
697
719
673
272
313
191
115
384
978
839
55
188
435
899
235
203
147
976
334
161
280
357
320
59
728
171
320
724
965
294
199
681
774
299
663
443
725
92
439
166
826
156
549
204
384
884
295
477
955
329
253
996
249
482
705
37
965
525
578
464
463
33
570
645
631
501
23
808
648
25
223
37
404
860
698
281
392
24
457
208
208
455
682
168
157
787
664
453
196
225
551
358
853
516
177
226
10
44
317
346
286
359
463
297
363
404
602
435
157
870
836
601
631
907
173
669
187
946
827
512
548
8
772
635
644
82
88
708
354
245
692
47
731
636
205
667
292
685
460
885
457
579
800
707
157
48
365
337
854
189
934
140
765
447
613
300
714
165
332
95
403
884
399
628
400
325
652
833
711
875
68
172
867
220
698
304
726
583
837
223
123
303
192
299
717
613
768
972
984
864
410
111
917
595
384
640
517
816
807
878
203
468
771
637
180
378
368
370
756
493
883
65
260
994
389
608
144
407
454
12
931
319
24
572
103
164
555
206
783
826
582
565
91
543
643
427
480
312
966
372
711
908
207
346
388
752
109
800
477
763
186
123
557
487
831
696
406
414
31
682
623
261
10
108
896
453
933
593
600
361
350
380
91
638
357
115
416
220
555
50
55
993
283
132
598
307
242
35
337
402
300
58
600
594
957
148
466
517
980
820
547
893
737
248
623
717
974
300
251
69
164
68
2
779
928
672
131
25
515
107
163
861
430
562
621
368
790
876
681
294
566
148
47
251
894
437
642
583
792
182
973
112
199
973
897
110
144
507
37
914
432
240
612
416
917
657
523
408
823
830
433
768
355
219
887
727
517
973
131
351
465
568
218
426
674
38
614
357
768
423
534
327
773
585
411
65
516
866
949
810
337
233
687
27
356
913
202
643
143
563
99
332
541
205
614
583
856
847
488
147
95
438
419
593
329
997
501
601
838
563
996
668
969
300
770
904
136
299
557
530
171
275
180
630
193
675
337
794
882
400
888
452
418
38
67
34
198
562
877
375
755
237
449
469
681
553
299
710
923
397
754
964
798
486
892
253
840
385
704
164
543
198
447
931
180
804
724
746
933
98
232
679
184
645
310
890
814
233
902
373
858
542
916
816
417
164
762
396
583
385
984
442
598
71
222
906
60
317
111
817
850
91
349
598
641
908
972
786
219
638
542
859
355
917
471
592
676
979
430
405
778
479
607
187
997
138
908
697
855
967
718
108
640
244
310
552
558
483
106
143
251
871
926
11
518
97
927
883
756
413
152
487
944
808
611
200
343
365
849
813
773
849
485
403
60
953
629
640
191
134
158
685
716
431
670
758
383
41
604
892
135
148
488
119
530
672
466
378
27
97
139
837
40
917
161
717
759
467
716
745
389
91
484
386
575
577
886
532
895
918
177
533
491
535
614
792
461
105
763
987
668
301
60
814
28
672
548
764
808
291
804
620
679
365
736
294
216
177
678
355
559
624
624
940
166
682
951
545
932
272
57
579
537
465
190
31
627
439
470
147
283
746
998
673
508
987
754
80
888
304
626
850
785
280
404
102
364
512
281
319
886
412
621
966
916
63
550
100
5
447
275
478
196
18
3
829
527
354
379
775
902
39
952
504
616
553
549
545
427
869
822
491
559
507
327
161
785
136
357
376
71
195
719
845
204
604
777
5
930
602
248
89
637
882
135
770
975
826
374
504
303
518
6
341
559
938
738
269
563
870
363
459
21
700
173
210
893
455
99
986
812
822
563
459
158
760
169
892
498
60
962
881
979
865
507
653
609
527
909
531
756
467
283
192
98
731
691
495
800
149
74
892
200
310
55
328
884
872
444
666
483
930
866
662
17
345
708
743
692
173
912
746
389
53
4
388
405
246
705
897
709
762
427
508
529
830
881
832
311
523
875
757
437
87
323
569
593
164
417
915
92
368
757
987
151
880
792
224
360
422
670
304
108
738
367
483
354
386
190
941
745
895
536
215
421
550
514
181
221
398
159
535
813
593
5
654
243
44
339
467
409
828
515
68
256
805
76
965
496
831
464
19
564
667
591
326
488
727
770
597
981
29
549
178
551
818
635
927
582
21
487
778
823
729
821
833
424
223
328
653
383
211
196
807
72
783
426
284
865
533
513
30
700
203
227
101
296
337
611
585
164
368
607
938
600
484
177
998
681
397
90
781
540
747
989
10
674
951
731
776
139
539
477
4
58
970
282
407
5
905
7
314
674
199
630
668
837
16
429
548
465
108
912
980
128
540
20
270
109
551
588
999
147
869
193
363
726
582
934
245
372
827
682
454
448
27
370
949
533
886
980
302
281
313
889
969
337
984
240
885
35
862
93
243
256
442
730
352
276
611
786
813
713
74
103
196
755
237
672
195
808
36
286
845
361
808
876
749
958
675
416
153
120
358
189
484
501
525
643
330
744
847
26
196
986
284
445
71
510
942
419
274
759
332
270
589
419
225
52
124
113
344
575
197
590
873
509
74
564
825
423
787
887
468
989
970
988
809
263
533
80
729
163
563
957
909
255
696
923
296
338
488
973
549
65
817
344
51
685
641
580
507
97
587
677
17
377
93
315
220
507
287
524
597
748
165
531
906
199
765
309
502
375
307
554
923
670
719
761
600
245
701
101
325
654
301
321
140
592
321
414
133
420
830
983
607
354
651
33
684
940
232
894
45
999
221
720
775
941
872
165
873
79
768
452
377
965
812
667
403
359
5
893
893
350
679
171
911
588
691
47
527
462
152
538
837
292
130
262
929
508
986
777
7
964
577
41
967
305
1
648
199
829
426
203
126
779
658
918
735
422
333
37
448
266
287
867
948
913
648
67
390
284
279
652
367
9
383
966
257
38
710
144
758
135
928
67
328
347
537
295
68
693
589
600
244
258
482
623
370
554
889
508
419
391
956
2
10
962
525
901
118
747
27
92
291
738
678
95
113
411
507
180
993
96
821
815
357
331
902
12
571
949
269
403
25
239
157
874
867
275
795
467
824
673
776
929
7
662
477
365
912
686
300
57
883
523
306
902
973
308
936
270
798
802
426
526
142
290
957
477
348
975
305
515
703
888
948
786
304
741
604
165
124
729
198
916
472
416
442
183
322
635
457
864
856
257
825
61
174
981
870
807
287
833
128
527
648
193
66
733
127
558
213
729
202
694
232
428
304
470
457
159
126
931
862
390
612
772
82
68
661
356
346
541
915
246
449
205
895
170
538
584
464
169
157
630
542
732
589
259
836
547
111
861
564
306
748
200
576
541
426
21
791
804
272
921
969
506
620
292
464
894
752
115
16
314
140
242
58
405
202
113
949
333
739
552
832
673
850
249
595
236
484
50
238
455
967
504
496
262
446
13
726
712
534
729
3
691
676
47
816
91
61
230
894
604
782
524
259
788
528
413
76
403
398
284
418
384
732
665
621
524
873
343
633
789
853
959
176
492
838
177
880
799
730
712
44
830
39
306
404
912
889
916
405
359
600
771
975
974
602
329
206
384
989
258
83
841
878
860
265
414
696
190
643
869
35
501
956
810
598
969
813
729
514
215
139
477
247
318
274
666
774
20
87
791
404
369
917
812
463
325
333
97
91
384
805
729
746
999
23
888
462
891
938
483
156
499
956
376
178
637
107
101
947
862
411
294
822
230
614
861
897
825
851
536
669
123
691
498
271
844
325
994
835
474
267
126
569
290
315
767
252
500
72
756
215
991
814
652
10
300
711
31
79
711
79
712
319
921
673
124
952
577
240
302
818
555
705
22
416
322
667
527
695
504
38
775
722
873
459
828
545
869
828
448
928
337
95
314
279
264
395
344
768
741
989
785
120
227
111
195
694
283
284
735
811
995
724
53
68
962
827
59
120
292
332
807
807
611
669
746
592
447
170
508
50
591
956
640
83
824
215
455
164
54
104
364
245
975
306
62
134
531
953
693
21
602
410
3
64
744
181
547
421
506
922
692
682
118
733
355
565
356
402
314
421
899
458
662
445
416
885
899
597
532
107
117
213
958
258
662
629
512
489
764
184
587
323
402
924
559
532
243
706
884
223
69
545
617
503
931
473
659
660
770
682
423
323
734
557
737
93
457
881
45
574
738
615
867
719
982
444
661
681
226
912
633
59
25
410
821
377
191
817
58
363
879
370
445
917
993
997
159
309
670
570
702
721
730
590
114
679
561
333
857
765
875
319
704
552
784
255
24
957
474
114
722
688
632
186
170
75
464
324
367
139
62
770
800
275
749
329
266
597
902
659
471
891
66
905
802
638
385
139
259
262
872
822
177
122
911
793
609
907
333
570
372
197
470
38
436
987
698
692
406
463
970
644
321
22
144
194
948
385
80
361
300
697
230
151
658
220
209
169
778
285
439
394
363
356
302
278
708
73
940
560
204
327
703
624
726
218
666
234
996
249
266
479
253
286
448
401
486
329
839
209
512
164
128
893
593
294
656
527
958
521
272
402
721
171
400
927
159
692
661
347
490
396
911
389
37
577
726
903
613
162
529
366
141
316
180
828
678
176
648
100
177
39
334
285
648
807
861
335
664
935
846
330
921
844
447
800
997
585
69
813
336
898
634
406
714
384
40
494
534
193
496
26
144
748
122
652
149
754
63
17
324
169
366
163
505
559
154
530
829
674
786
540
862
832
30
328
991
806
356
282
836
906
843
150
856
190
95
505
860
500
103
819
211
555
541
881
252
31
201
804
484
868
471
742
50
599
257
833
454
904
3
237
190
387
305
504
904
251
347
430
366
586
699
409
689
706
688
664
498
885
219
49
133
721
514
379
773
968
798
63
316
631
326
104
529
709
896
752
833
434
77
181
798
126
506
796
124
849
301
400
540
446
868
631
794
242
412
579
874
770
794
255
121
187
282
775
74
169
429
904
653
732
724
312
191
996
567
76
884
547
246
172
118
837
394
373
426
118
140
934
911
973
115
943
762
493
176
82
349
530
510
263
140
491
883
26
749
972
700
210
590
407
689
998
929
302
645
112
946
566
6
617
80
336
520
957
148
158
202
353
823
605
496
495
796
681
969
950
266
925
726
530
295
171
754
82
615
823
870
128
228
143
554
42
353
210
927
233
240
767
188
781
796
795
758
758
613
639
571
144
412
710
197
105
74
777
912
708
435
765
581
771
465
581
816
105
796
947
441
143
1
561
291
302
883
519
177
694
871
540
471
450
492
100
805
267
411
114
12
829
927
865
176
959
569
323
169
567
155
649
7
816
890
161
357
897
754
788
783
613
141
113
365
804
727
201
929
887
503
774
638
411
460
194
451
927
77
905
694
359
923
262
414
970
282
249
61
90
216
275
699
696
595
410
727
268
393
338
365
507
1
616
509
209
363
770
304
575
776
719
780
320
92
345
637
646
257
166
197
606
841
897
413
878
254
953
643
660
788
792
839
272
262
773
794
598
866
389
671
407
832
225
709
952
612
371
827
513
98
209
61
576
800
473
704
297
432
489
59
873
285
460
467
851
111
309
666
145
113
89
162
664
586
400
289
596
440
586
52
842
357
631
195
754
995
321
929
410
895
119
789
598
280
190
770
306
881
875
918
660
697
681
272
408
215
727
549
919
62
180
591
160
778
370
345
30
452
891
807
857
326
38
282
777
828
880
810
328
895
727
203
208
76
191
890
830
811
398
904
466
97
667
22
845
858
516
33
621
158
283
226
310
830
178
852
354
328
933
705
46
27
920
962
51
447
717
473
4
768
345
61
865
734
570
820
898
850
382
784
888
995
835
834
252
177
872
637
747
279
283
427
260
902
909
411
395
495
210
835
663
767
286
533
946
944
470
73
261
873
936
524
500
348
783
112
44
202
181
13
768
810
733
738
622
511
86
353
302
888
331
51
660
636
900
171
670
553
187
887
436
193
635
886
74
898
430
360
174
356
911
50
679
775
759
242
279
101
771
357
178
518
997
827
482
206
658
583
176
568
108
332
574
53
792
45
53
995
799
146
838
542
983
733
48
539
160
979
800
674
998
286
278
544
645
842
491
892
600
84
915
687
400
344
114
390
301
227
684
317
79
744
964
196
915
733
177
580
727
212
708
998
950
566
191
998
495
118
344
476
296
655
776
911
73
619
259
131
699
586
444
315
43
849
32
471
772
229
770
860
502
341
91
125
476
970
278
134
202
107
115
821
8
937
924
363
296
35
895
510
86
803
506
517
672
66
7
72
420
55
492
207
637
933
921
532
262
620
392
368
769
969
586
549
751
314
679
458
823
567
778
665
622
362
901
279
738
177
579
170
867
841
863
558
178
276
343
799
668
530
88
779
795
149
951
532
527
742
615
557
662
786
741
153
554
565
842
607
134
468
964
110
134
790
850
632
451
309
51
974
74
233
301
765
690
53
251
838
889
369
137
94
549
125
280
556
139
63
999
203
667
222
103
593
717
853
485
295
214
409
501
116
214
192
723
171
277
39
443
695
345
196
398
204
812
229
55
873
680
134
596
887
802
63
551
895
338
622
160
197
887
747
792
870
242
94
452
452
838
294
272
970
31
168
296
179
480
862
902
625
202
216
157
698
225
268
521
130
786
406
433
318
478
84
481
727
636
810
643
59
603
678
319
884
145
468
171
233
33
125
861
770
863
585
206
320
229
696
506
55
243
151
877
578
773
280
10
809
563
446
346
801
612
498
76
406
566
442
667
992
319
416
500
619
516
169
63
472
116
440
998
554
270
115
522
188
906
718
949
320
797
779
699
829
450
534
426
155
183
543
890
963
146
407
340
955
147
562
480
175
694
102
130
231
503
797
351
211
464
848
77
58
127
353
933
595
592
34
285
635
497
409
587
754
560
283
961
335
28
425
751
978
532
220
452
871
222
252
994
919
239
282
396
37
978
797
122
220
510
759
13
755
229
392
126
183
800
866
616
393
495
118
116
767
632
338
937
191
732
749
61
875
447
409
587
304
427
278
396
99
505
263
593
674
635
14
841
416
759
344
420
530
736
405
73
248
280
586
872
681
735
39
676
196
837
826
308
191
427
57
750
573
480
472
923
269
157
166
414
201
145
793
335
900
53
187
108
201
76
477
504
622
188
590
47
261
659
247
694
72
239
599
542
688
924
23
279
384
108
654
208
232
497
137
126
99
707
910
523
408
721
551
533
197
379
682
512
124
806
470
184
533
89
216
684
495
99
935
693
639
515
537
701
364
674
184
354
882
965
511
547
835
273
518
188
928
751
438
999
705
794
229
418
182
176
923
273
757
504
515
157
541
566
116
48
328
336
467
46
822
963
140
290
606
939
532
992
284
724
395
834
364
449
640
635
242
300
493
996
351
425
868
552
537
125
629
802
890
653
369
745
823
844
134
952
705
108
827
300
736
262
34
147
451
15
37
948
143
139
70
521
884
671
657
539
253
646
946
422
434
311
832
740
808
719
951
908
623
98
214
867
319
768
551
196
677
997
425
291
846
889
845
847
866
764
794
249
7
602
75
246
715
49
326
834
358
599
459
138
561
38
106
615
954
255
760
331
969
149
171
374
538
962
433
598
839
904
936
826
25
810
35
779
810
594
735
977
737
21
653
904
447
274
580
709
611
977
855
788
295
288
760
706
827
71
852
433
542
14
459
822
325
205
117
878
957
640
409
520
427
636
119
979
168
212
339
104
381
389
477
95
614
291
699
179
708
747
964
105
365
974
671
183
313
846
687
407
897
834
654
277
556
175
771
901
898
501
811
462
120
666
960
961
226
31
398
198
35
189
93
841
25
694
156
901
695
940
396
292
707
823
244
155
707
801
683
913
611
459
632
938
552
991
421
555
8
151
177
740
293
124
460
386
817
939
777
301
629
898
333
914
20
966
275
203
249
652
434
110
413
684
908
640
339
450
246
316
208
908
711
577
365
687
757
526
60
448
338
912
974
33
857
311
32
861
639
157
937
821
239
233
326
659
439
496
752
488
717
779
102
705
261
293
191
166
187
778
251
629
575
959
743
676
257
31
646
644
88
297
931
953
772
33
339
174
358
154
525
410
528
407
487
305
24
28
971
705
553
277
404
827
149
442
204
442
897
562
415
480
933
554
175
907
600
52
981
915
793
910
827
247
787
919
710
387
554
647
868
320
444
937
55
332
303
924
297
633
668
157
446
425
105
577
334
126
764
858
702
379
669
224
676
48
958
404
713
664
473
989
494
811
677
946
594
654
572
885
668
138
150
637
850
756
525
793
269
155
433
276
192
518
71
172
145
777
526
527
601
923
543
633
815
287
522
483
641
822
118
217
673
912
452
873
846
611
630
82
587
237
245
190
723
364
548
78
196
412
540
295
854
916
698
891
371
235
240
588
497
30
19
738
77
224
730
951
902
596
641
843
505
747
15
142
128
625
304
410
630
693
980
97
132
493
599
69
95
534
702
262
104
536
776
830
266
863
805
373
641
969
589
999
205
612
190
705
582
243
295
407
622
907
338
15
581
882
891
230
513
116
924
657
955
136
743
383
150
465
961
629
154
384
960
748
162
419
571
4
871
45
705
798
335
803
557
563
97
855
740
913
530
161
921
716
300
918
50
185
191
89
562
976
378
925
834
226
858
990
865
235
399
192
394
564
689
918
690
408
939
560
38
946
43
774
466
340
99
786
412
633
445
580
643
234
126
23
196
47
561
285
252
350
267
34
669
792
260
35
850
573
826
479
223
914
251
853
556
32
139
243
284
726
366
71
393
783
492
886
477
664
775
976
861
535
907
611
798
981
588
86
769
162
439
968
266
205
186
479
808
172
744
70
918
954
124
400
789
396
320
978
987
274
260
539
195
209
172
697
732
421
607
864
621
196
164
967
44
161
811
177
616
194
696
790
613
135
854
98
519
352
775
577
503
554
894
877
832
290
816
763
698
919
784
176
414
846
494
844
230
253
23
271
657
619
920
908
156
869
962
215
854
630
442
664
127
654
116
382
215
558
115
269
938
556
34
862
954
265
373
607
896
692
916
832
264
36
294
981
820
715
217
854
113
798
136
35
652
102
157
385
51
235
718
540
381
65
195
483
950
959
846
709
494
355
437
191
955
723
742
648
36
865
256
125
356
218
369
717
506
385
613
667
813
47
89
299
502
950
820
405
827
811
634
686
444
120
430
730
898
182
601
503
692
995
556
689
107
372
970
797
208
952
337
769
542
800
180
761
85
495
594
640
752
753
647
852
80
258
469
307
795
18
154
460
250
524
148
438
481
97
800
740
438
742
845
176
513
171
814
748
64
609
512
600
945
612
898
574
226
583
865
139
606
685
476
906
494
979
811
787
329
412
384
302
179
604
811
950
5
5
895
334
385
375
231
211
959
656
553
888
674
458
101
829
578
434
198
153
287
468
937
331
224
460
938
466
926
504
65
593
38
325
131
397
29
770
188
894
754
305
626
723
754
348
700
547
587
739
771
195
396
831
680
923
739
669
778
394
225
997
545
977
350
534
712
348
989
713
356
553
166
568
975
801
783
592
875
985
778
568
58
865
679
940
400
580
973
203
85
44
866
368
151
747
182
578
838
722
962
446
310
109
519
987
640
661
57
956
56
639
722
964
957
311
952
189
870
902
104
117
498
472
257
30
325
402
751
854
45
396
403
271
586
917
262
185
117
282
547
155
22
529
770
765
120
184
760
209
6
600
455
28
243
115
549
488
83
897
87
335
717
603
983
509
83
328
3
889
425
61
523
571
625
712
907
55
493
334
902
564
964
16
808
449
944
198
642
834
522
569
203
194
495
280
6
771
485
638
310
50
197
407
184
577
409
107
199
274
129
371
214
285
72
612
14
951
642
663
91
231
159
958
446
980
112
488
670
601
765
968
861
422
508
369
763
752
788
565
913
146
417
134
793
960
532
261
245
961
346
85
791
72
485
764
520
900
111
600
626
895
464
570
620
311
398
353
999
616
198
791
530
92
924
605
50
577
841
981
500
493
922
588
758
221
473
145
253
389
330
170
767
752
337
262
741
606
311
387
559
35
344
165
570
279
144
106
955
658
550
906
815
641
435
90
574
614
277
929
849
594
84
614
199
49
440
602
658
388
195
846
513
128
160
989
29
575
977
357
937
44
212
606
44
25
599
423
490
707
644
800
199
558
699
90
344
529
149
257
419
203
469
839
501
691
544
637
119
180
240
823
698
956
65
482
648
131
930
319
286
891
556
452
45
98
893
523
337
636
93
856
614
679
376
49
307
251
194
345
733
861
856
153
512
886
448
978
504
80
803
695
326
147
939
967
586
488
338
443
674
19
574
395
232
312
671
866
984
583
494
954
536
785
477
959
498
50
674
443
758
354
376
686
30
706
742
420
330
852
871
72
38
153
79
398
770
15
915
863
264
976
688
910
938
866
668
417
548
756
105
609
713
87
890
748
637
815
149
989
658
382
832
153
320
38
312
331
841
78
102
207
358
881
273
950
685
746
257
815
186
221
67
92
51
484
264
32
945
788
358
288
284
941
141
203
917
290
879
364
842
759
901
260
455
460
109
883
657
162
93
465
236
697
217
595
140
907
938
185
688
961
902
455
228
613
407
877
178
36
579
425
814
184
569
831
637
287
809
333
983
190
335
487
704
415
412
110
820
605
22
801
724
184
901
614
530
255
199
27
369
588
294
389
665
416
275
389
136
548
466
318
236
813
435
777
502
713
615
91
329
716
599
245
608
616
767
17
58
823
252
638
184
461
242
412
55
860
628
183
23
569
964
29
433
80
536
445
400
728
997
505
928
662
