727
499
560
490
594
606
402
471
478
433
803
739
741
515
475
602
911
747
667
789
664
497
665
302
524
653
549
485
782
384
623
430
311
271
858
751
682
656
479
707
506
533
172
290
624
719
471
412
555
329
696
511
682
591
737
646
681
663
527
613
863
443
550
595
557
707
562
600
705
590
357
599
777
501
769
591
267
345
661
708
588
396
743
595
427
743
750
523
612
321
736
228
459
610
473
331
614
660
580
502
329
442
579
621
575
598
544
547
578
407
112
762
576
578
631
689
388
603
375
606
630
701
538
433
471
698
683
767
775
545
560
686
514
524
654
485
763
471
742
692
555
595
614
409
600
756
481
404
756
553
411
268
737
611
710
536
475
515
394
757
400
663
342
426
583
584
770
588
527
303
509
184
431
366
228
482
438
466
547
589
622
440
582
362
695
590
608
850
405
668
684
687
381
437
497
346
576
511
659
529
395
457
359
675
534
417
565
842
38
455
756
473
568
309
720
536
276
590
717
497
618
690
683
551
382
247
628
661
612
588
508
726
189
486
541
573
232
594
220
438
439
607
723
434
544
556
295
720
585
620
749
425
667
802
230
598
584
476
429
482
542
695
587
597
520
631
818
449
565
383
453
709
716
507
649
459
753
506
838
773
461
760
748
613
621
788
736
365
728
523
255
577
679
602
388
458
414
561
439
474
258
687
582
704
579
560
570
440
515
447
541
756
510
571
476
678
513
586
597
506
487
375
454
421
630
720
482
652
542
673
734
185
762
365
723
107
406
458
817
645
575
352
312
360
510
442
767
613
647
331
720
648
629
622
312
338
494
608
262
653
645
263
444
481
434
833
478
728
672
576
705
732
515
459
413
399
521
573
470
675
500
317
676
373
713
531
615
488
599
583
542
700
401
655
507
432
488
393
464
588
523
478
718
537
444
557
593
482
637
460
443
455
649
756
692
480
641
431
543
521
396
682
512
459
501
667
665
673
563
629
606
535
583
253
460
587
558
580
706
508
403
585
188
356
197
485
712
723
468
493
543
142
428
647
323
672
745
542
789
351
503
565
547
763
509
551
436
406
779
620
600
469
575
524
795
334
437
225
461
427
682
281
770
747
793
625
586
472
286
532
443
584
716
462
837
412
755
705
711
447
640
569
581
648
403
515
654
593
569
454
631
586
476
540
583
483
548
537
421
440
537
410
420
348
573
520
819
704
463
573
306
893
725
485
823
610
612
712
336
527
330
383
827
524
671
637
635
424
454
468
772
638
521
525
601
590
424
539
519
492
121
786
628
649
563
543
524
310
832
490
439
591
359
362
401
314
575
152
533
519
351
464
747
458
497
639
324
380
391
664
725
753
805
420
615
432
544
436
884
632
368
144
602
481
628
285
532
704
680
493
550
594
633
487
292
642
589
455
687
633
637
362
651
582
804
689
738
826
434
594
499
600
456
438
361
294
622
531
631
334
586
495
582
350
808
521
555
557
325
483
395
380
370
530
452
707
630
396
763
661
717
537
324
378
528
412
640
538
757
717
475
494
300
203
835
305
528
555
558
660
657
725
506
650
420
503
414
548
429
758
652
300
373
482
706
557
439
536
352
512
584
611
678
711
749
375
710
630
166
543
441
787
492
376
676
678
629
175
745
481
420
828
663
598
605
326
439
423
371
735
610
218
592
572
609
478
545
494
560
475
473
755
504
322
543
509
483
650
668
392
508
320
496
403
743
451
514
477
560
392
763
448
740
557
712
373
585
452
447
532
654
337
365
686
387
478
466
409
609
586
490
665
569
618
347
517
676
609
599
834
486
790
358
630
498
553
477
675
671
650
341
501
285
617
669
351
336
616
245
562
616
411
605
532
734
543
763
439
708
517
360
692
422
465
323
503
652
701
387
417
673
428
597
737
762
626
721
560
656
544
400
495
702
631
395
603
703
381
720
599
678
644
831
724
431
621
541
681
456
186
530
701
692
656
217
738
717
469
509
334
599
770
656
608
245
563
535
463
622
592
247
496
537
492
696
600
787
349
439
567
655
507
704
559
561
649
633
613
436
520
591
705
341
317
342
726
475
523
622
424
664
346
489
373
534
501
520
463
529
423
481
390
594
291
326
745
472
584
221
717
651
457
575
554
633
634
308
469
357
660
479
688
629
625
580
703
361
653
696
624
859
655
727
933
752
456
715
560
243
580
712
526
466
534
609
637
629
583
673
534
426
414
440
571
705
661
553
608
650
539
643
407
634
532
850
624
651
592
527
449
716
476
449
835
483
523
503
454
509
563
625
410
618
664
727
553
376
371
621
296
357
434
537
598
511
596
561
716
528
467
455
523
542
370
462
431
840
700
657
677
516
398
509
439
602
503
504
706
457
714
433
546
663
850
427
421
790
577
462
262
768
443
533
727
625
575
610
417
635
477
581
565
717
620
265
484
350
692
279
892
379
604
519
468
608
177
261
735
495
580
659
441
590
829
543
623
607
438
329
722
480
804
642
648
526
583
610
588
749
523
575
637
569
312
528
561
699
714
907
563
443
296
604
706
729
331
476
544
570
702
661
774
539
743
635
576
578
682
582
609
555
721
477
596
429
591
503
377
517
434
793
450
678
612
702
687
418
332
442
586
695
656
930
623
268
496
489
378
558
777
322
598
657
880
865
665
500
568
560
450
532
485
264
232
534
565
530
673
386
563
433
508
347
669
370
619
505
580
541
471
687
239
628
369
705
654
467
465
633
524
742
527
380
577
696
405
486
494
555
631
618
463
402
503
492
773
593
311
524
439
910
883
611
605
781
616
494
652
330
723
412
478
759
598
645
823
712
581
742
547
585
830
507
504
539
620
741
556
457
707
356
400
617
633
613
837
558
476
611
550
717
515
661
661
504
302
530
422
561
844
496
328
706
703
516
658
286
212
712
596
557
808
727
620
599
328
840
603
836
442
726
205
854
619
659
766
624
448
741
603
452
382
431
386
532
552
344
546
365
815
494
572
302
490
402
459
770
426
470
580
358
622
463
542
694
540
163
608
576
423
420
411
433
147
532
662
621
574
441
473
755
660
326
656
668
433
386
203
236
420
312
651
330
608
725
449
696
502
389
585
560
520
382
401
530
396
590
739
543
635
690
316
420
507
322
449
615
568
353
409
670
464
873
565
470
406
710
525
298
671
680
500
324
343
408
507
604
420
498
595
497
406
771
423
768
568
560
559
678
155
330
823
756
550
479
455
691
370
538
479
443
471
412
913
134
706
574
640
537
515
724
635
649
517
712
667
616
545
658
891
501
661
368
685
329
490
670
474
430
514
487
210
614
583
528
864
694
626
708
436
604
612
643
717
401
611
710
762
458
533
425
772
687
589
446
488
330
467
436
158
533
786
640
783
753
712
635
163
292
536
416
662
696
460
548
587
347
449
592
217
546
780
565
217
475
296
739
500
372
302
653
602
724
592
545
594
566
552
672
473
569
427
435
655
646
558
620
900
485
472
606
575
524
658
331
463
620
399
685
632
667
343
603
617
755
572
571
469
545
440
374
437
511
285
445
411
470
722
534
788
674
734
797
362
358
697
670
712
628
563
615
781
752
141
349
513
585
503
795
788
582
670
570
689
564
645
585
465
522
346
446
559
499
655
531
182
557
549
514
692
679
675
802
634
570
537
532
265
499
493
274
431
651
607
480
266
477
480
636
152
619
412
759
822
695
400
571
367
557
420
337
665
234
616
607
512
606
326
563
561
633
571
564
477
495
123
551
651
502
661
759
549
530
427
319
871
569
455
265
296
551
698
592
672
661
741
591
677
622
768
372
424
531
627
819
502
496
379
430
444
521
579
320
650
526
544
193
303
672
646
769
420
591
468
731
127
466
769
336
521
373
662
617
461
551
735
623
681
249
744
711
417
489
667
139
557
296
590
903
788
643
475
438
227
402
551
651
594
649
560
671
636
567
688
516
324
781
666
251
533
499
340
386
671
540
531
633
714
678
566
776
312
311
543
303
734
651
603
494
519
527
789
433
832
399
291
493
562
601
528
101
537
212
469
578
255
630
545
500
413
808
494
527
580
172
587
391
630
328
719
808
174
498
746
744
513
511
91
189
592
415
510
834
693
812
823
617
527
651
780
387
729
470
388
701
444
591
515
699
513
475
476
506
18
599
753
385
528
742
422
370
588
352
174
684
657
619
709
653
585
353
461
407
439
657
431
675
534
518
637
625
746
670
575
820
664
637
755
602
350
525
775
416
439
681
476
845
644
557
646
344
663
510
621
376
684
548
754
465
399
549
512
614
835
275
559
358
381
709
687
792
549
655
417
573
600
508
303
644
485
406
543
475
581
312
351
859
473
490
686
411
427
686
478
661
675
459
499
572
750
680
631
638
259
533
394
673
450
280
510
605
674
222
365
424
410
708
525
676
560
772
579
414
487
241
127
618
455
436
126
236
680
390
577
637
666
455
371
331
633
215
435
608
398
450
423
719
523
676
336
370
536
684
592
565
458
635
626
505
715
411
558
631
350
741
194
692
571
721
896
350
703
540
648
712
349
832
442
490
624
548
226
458
571
556
381
622
766
512
896
620
545
308
427
234
257
504
318
570
564
760
764
643
709
499
601
589
594
617
494
527
548
554
515
807
473
314
509
755
662
705
598
552
617
364
639
639
403
500
192
551
760
874
658
481
457
139
610
395
679
465
786
702
322
603
469
503
569
616
650
550
391
482
647
349
551
452
460
654
717
513
602
589
396
406
602
718
708
820
227
622
731
618
535
583
546
681
538
520
613
748
258
327
427
573
649
699
171
596
731
596
838
247
524
494
514
630
675
509
721
643
598
471
526
732
513
695
621
629
797
682
432
545
629
786
579
292
425
638
771
485
695
543
613
655
590
424
726
701
751
536
402
815
330
503
545
357
768
535
703
605
591
496
528
511
254
570
665
638
573
628
298
597
827
671
567
431
666
646
598
416
902
775
683
667
629
718
599
450
737
783
693
471
642
436
709
529
693
675
793
563
453
619
539
720
523
561
578
655
455
581
579
502
428
677
674
603
736
615
410
380
426
519
659
426
475
746
477
174
761
369
657
715
870
496
851
212
630
501
730
518
644
404
695
408
511
571
837
608
710
685
280
472
659
501
288
441
460
619
498
715
432
546
717
547
670
139
603
745
537
714
736
594
441
466
641
735
469
642
624
525
731
520
703
585
548
656
602
534
454
394
526
432
482
558
633
321
449
387
510
626
617
671
409
511
613
751
834
486
553
941
581
397
605
583
787
89
271
508
719
601
634
595
512
609
725
764
706
431
807
795
575
253
613
631
607
647
272
634
726
443
675
645
310
583
456
177
772
531
626
814
606
605
223
789
448
506
753
850
833
706
543
536
646
692
700
707
160
567
625
393
567
663
649
794
590
579
500
691
449
658
270
676
577
628
630
403
593
309
745
492
652
583
862
370
701
566
482
416
712
281
745
819
468
461
596
536
469
597
436
397
551
567
650
360
737
454
559
548
574
671
536
625
670
392
415
426
603
593
528
487
390
579
519
652
701
375
446
476
379
569
567
639
727
711
646
407
334
787
594
498
818
433
381
671
494
770
539
621
421
439
619
614
692
780
457
560
425
320
558
573
409
730
497
467
519
461
518
576
626
565
502
666
492
718
627
533
609
560
431
430
422
268
690
580
615
578
633
469
528
738
577
842
612
650
338
430
591
487
257
658
649
81
808
607
817
709
583
798
715
771
569
509
545
337
753
779
559
556
612
530
578
328
599
641
752
526
551
289
775
504
688
496
791
474
640
696
579
564
621
846
406
639
732
291
464
435
708
138
379
331
623
716
433
390
598
713
653
616
299
392
554
828
504
566
561
439
653
632
648
666
536
244
396
661
775
668
681
371
536
412
509
223
559
623
670
417
797
867
422
407
516
739
566
522
388
545
627
662
588
478
704
627
513
263
749
785
533
397
317
657
518
368
606
614
470
519
603
716
456
692
774
348
766
510
599
255
631
451
473
435
228
677
555
860
640
649
216
610
321
516
723
726
605
222
518
428
738
133
455
703
758
270
740
772
395
459
224
420
845
621
778
731
651
754
417
577
633
685
605
336
671
546
649
374
437
780
731
644
593
547
591
451
575
505
285
432
534
428
458
742
621
739
830
492
428
357
777
279
613
298
517
774
286
652
850
418
546
252
745
431
324
738
388
751
422
806
375
575
324
437
640
471
562
610
677
506
646
237
621
405
457
580
538
560
571
423
477
516
919
351
453
458
704
777
500
611
560
385
599
823
642
296
500
631
409
218
377
758
380
587
668
522
707
544
450
624
513
732
735
259
503
603
543
714
460
269
549
386
449
696
524
460
626
678
252
534
516
623
590
466
343
275
802
452
535
403
671
792
747
574
593
576
525
556
578
492
574
588
571
655
681
439
569
682
724
613
726
706
660
723
536
544
592
309
388
143
662
707
457
566
456
645
682
486
590
474
770
480
147
191
572
528
638
428
657
608
615
331
488
537
598
397
563
780
778
652
524
544
528
496
641
419
570
724
602
557
606
560
510
642
262
393
494
337
387
307
669
621
605
330
308
668
573
452
661
755
420
474
702
400
459
518
459
398
677
496
255
558
344
512
542
475
553
709
389
516
369
658
613
415
549
410
555
421
588
535
404
772
704
475
256
590
630
557
590
276
588
623
597
387
680
355
659
723
423
423
266
586
263
649
717
680
577
324
262
848
836
546
393
314
571
623
554
769
645
684
516
369
440
478
298
435
386
545
582
738
613
530
437
621
398
284
455
603
480
365
586
783
598
515
400
530
500
837
661
532
661
763
623
719
459
694
628
236
416
557
524
413
599
523
511
617
762
567
709
311
523
567
389
706
830
240
637
463
586
421
634
657
294
321
604
631
586
843
550
620
510
471
494
699
501
344
488
560
483
387
703
527
749
360
472
349
394
508
551
468
763
611
395
587
495
221
451
488
641
630
575
544
453
479
709
782
798
546
460
447
283
816
533
382
435
709
757
494
561
355
822
517
671
647
282
388
800
346
346
350
616
545
612
858
103
374
500
618
383
547
285
666
476
112
465
367
313
493
448
223
592
265
555
552
347
314
563
264
469
623
341
572
537
663
210
344
422
767
507
473
585
679
763
563
662
702
684
389
678
655
688
611
339
656
563
735
640
818
741
511
520
604
573
481
545
398
770
495
744
683
676
355
808
553
265
440
808
570
856
613
309
570
722
330
621
494
769
411
695
401
239
692
434
374
464
437
552
546
583
569
868
414
373
569
674
616
627
632
382
614
708
492
797
415
331
551
473
477
342
666
720
296
644
320
258
451
525
602
494
548
530
912
525
743
378
435
591
627
645
672
221
465
790
439
372
554
707
293
530
592
598
703
668
185
397
362
592
588
764
787
487
652
492
460
343
532
609
636
540
449
467
588
316
496
504
846
362
673
570
563
540
566
436
593
374
660
486
683
410
709
479
728
702
476
701
541
405
796
454
457
730
224
717
389
517
425
457
630
382
538
721
450
496
701
673
422
679
806
217
502
471
425
334
469
581
478
649
688
388
428
335
603
541
885
451
449
625
502
502
577
389
647
742
644
622
664
684
688
519
674
539
364
714
606
326
700
271
338
575
529
538
388
445
351
601
677
568
568
593
500
420
877
619
786
797
242
703
203
550
732
819
419
426
432
439
701
337
654
368
825
482
810
587
640
607
485
449
359
367
696
715
714
705
567
479
569
430
408
330
574
407
596
672
814
590
424
330
609
756
869
655
718
668
605
658
258
533
609
686
705
531
752
619
391
769
495
572
637
612
730
455
568
794
552
370
600
631
618
314
412
382
691
441
953
434
732
640
503
415
544
482
729
366
563
744
493
560
735
374
381
492
200
897
729
649
816
702
823
462
726
697
403
387
502
333
793
549
540
247
728
386
661
351
406
549
650
742
415
566
379
548
424
426
584
530
691
434
81
578
624
858
278
515
546
528
716
426
641
731
378
690
795
492
564
471
657
736
504
722
515
525
633
693
378
384
486
475
484
502
583
512
477
612
605
770
491
547
739
395
274
701
649
571
516
405
468
275
519
600
324
770
701
666
611
578
339
580
333
533
711
713
410
501
301
741
733
650
606
555
630
108
640
807
432
299
715
619
184
531
717
546
304
338
584
555
674
624
490
641
580
352
459
519
399
533
608
558
351
433
729
594
430
487
534
607
714
816
576
546
759
543
324
631
683
408
620
594
325
673
214
617
663
439
705
430
447
614
705
672
634
163
699
522
543
612
206
518
784
552
625
639
628
588
277
347
545
540
530
538
485
574
478
407
337
653
348
711
489
507
594
703
470
211
554
456
301
639
459
564
467
529
809
328
789
517
380
469
541
460
583
636
404
732
419
642
268
767
477
636
718
262
800
410
753
580
431
735
395
468
697
491
736
481
594
558
591
608
603
452
590
422
742
461
538
589
231
354
381
541
246
711
659
744
663
489
584
656
758
368
825
325
464
519
560
534
439
395
787
482
801
505
473
507
418
166
747
266
384
585
670
538
567
456
416
643
489
630
646
776
637
530
631
620
581
658
202
647
748
727
584
626
526
501
641
508
802
308
579
528
700
364
578
489
703
529
658
516
811
637
310
332
346
595
368
458
496
558
667
686
458
789
613
672
441
241
596
706
611
556
633
698
655
718
585
738
711
679
621
276
400
495
596
561
407
606
504
320
520
490
693
380
330
886
436
469
230
347
663
633
496
560
447
369
292
384
115
356
499
560
554
203
762
669
628
449
712
768
803
291
456
729
707
384
452
552
653
596
515
745
565
324
717
520
547
600
457
275
592
499
679
617
200
608
555
562
706
707
594
817
738
931
715
444
413
775
183
186
422
328
314
601
629
610
583
651
729
677
627
402
624
461
529
210
638
391
478
514
406
494
438
502
547
72
651
179
609
557
686
353
461
389
599
582
520
656
389
381
295
609
544
539
352
522
378
377
554
477
736
576
733
630
382
764
577
588
588
623
770
435
698
626
443
340
621
574
694
263
533
707
568
537
663
455
469
444
129
514
536
857
662
262
618
295
356
340
743
586
930
592
494
570
714
473
471
667
515
719
563
654
441
656
453
576
864
469
380
763
499
873
546
508
719
220
832
517
407
471
518
427
494
351
337
694
661
614
561
496
537
589
506
684
596
410
492
482
531
590
236
582
502
295
430
906
457
227
427
600
461
527
675
586
544
529
460
689
425
634
331
610
559
521
504
706
550
688
581
533
784
344
638
397
541
675
628
372
527
290
314
469
571
583
731
473
182
428
616
299
482
736
609
598
277
240
556
329
568
671
346
493
545
599
531
488
610
722
600
703
677
502
727
757
424
591
574
284
487
636
417
565
726
575
644
629
657
507
591
609
609
596
442
629
694
712
555
331
636
389
495
459
417
783
598
232
708
553
640
656
318
623
519
656
237
710
632
629
584
346
200
644
540
548
720
597
519
415
614
451
515
652
693
683
528
282
832
638
701
586
638
467
695
655
327
541
483
639
517
688
520
738
408
462
775
473
678
622
605
618
676
492
636
610
603
595
456
573
431
689
765
413
692
572
317
680
788
732
379
613
321
660
806
468
616
319
421
622
423
524
694
342
296
462
505
582
473
610
407
282
358
495
360
609
506
392
392
327
353
527
272
796
624
655
535
529
653
540
516
546
545
523
753
452
493
586
553
650
460
490
559
367
655
641
625
573
540
603
553
673
788
494
480
627
575
602
648
627
560
407
682
668
626
410
427
632
544
789
541
542
686
806
419
503
824
220
745
366
821
658
492
484
498
501
545
560
463
690
599
650
758
438
792
596
757
775
651
581
465
667
580
470
350
707
178
611
294
227
466
776
361
448
353
213
780
517
383
576
511
419
541
238
690
513
605
711
446
442
432
370
579
739
695
614
238
228
516
404
546
293
575
770
99
605
536
557
619
447
785
713
857
579
694
799
654
631
810
222
642
665
460
682
618
769
706
615
516
863
696
526
533
410
684
302
582
541
510
495
606
503
458
681
513
611
635
430
831
443
592
575
724
603
597
211
411
613
668
242
432
615
522
481
442
557
404
614
465
574
769
751
724
577
614
584
523
566
676
602
588
614
708
386
723
471
92
532
874
760
873
687
883
699
598
899
695
286
634
337
696
329
731
616
591
711
395
539
338
434
685
613
487
731
352
491
526
540
553
324
626
608
323
284
528
711
933
811
616
501
411
701
510
266
502
603
268
358
307
506
446
284
507
523
724
307
507
309
714
421
684
570
562
673
650
340
363
551
354
671
609
669
757
393
411
227
556
522
383
680
844
491
593
467
636
414
448
521
233
548
362
488
398
365
713
502
441
321
642
692
255
517
380
572
469
645
531
207
481
558
551
280
565
350
507
507
386
550
504
483
398
715
536
626
367
668
834
623
620
403
523
508
542
422
544
702
782
355
721
766
599
520
499
650
638
672
807
848
617
688
654
489
684
440
668
576
842
612
572
440
753
386
630
538
681
642
524
413
577
473
642
295
523
649
592
654
503
430
841
495
472
747
635
484
753
444
801
462
526
704
655
816
615
444
481
675
374
652
756
498
538
631
447
507
744
556
664
494
596
650
747
572
671
703
647
780
299
496
798
612
526
664
489
635
753
435
622
609
838
520
220
439
476
823
494
457
476
622
716
445
653
520
632
653
526
546
550
390
608
513
639
880
448
520
562
691
739
339
507
596
563
572
657
492
484
355
266
468
752
782
590
638
778
479
695
501
530
452
712
807
316
683
637
638
371
392
522
430
365
315
732
685
607
457
506
920
587
666
701
299
462
423
496
683
309
510
571
628
581
534
483
845
605
673
700
750
574
599
506
574
586
761
476
480
604
586
701
491
575
518
650
497
555
544
577
471
474
543
279
502
572
410
294
691
347
350
661
660
511
357
466
697
448
614
557
178
717
530
679
641
464
424
730
401
531
668
77
443
595
562
453
377
532
475
635
548
396
426
409
403
489
487
668
504
308
605
588
476
293
658
332
517
509
647
708
446
538
485
557
239
501
616
629
349
668
590
595
745
394
619
597
409
586
507
783
842
401
543
743
710
687
168
569
675
522
411
430
615
630
813
388
704
654
460
558
467
621
679
688
540
600
172
278
589
687
340
660
348
705
483
600
580
740
630
532
375
663
491
481
652
717
647
589
753
389
341
390
496
480
551
583
720
572
229
758
352
764
329
538
84
699
498
442
482
637
594
822
433
244
523
636
584
335
405
790
690
226
412
611
766
411
318
535
710
335
677
599
626
454
540
755
786
544
522
180
628
443
407
280
731
539
235
449
523
285
534
198
558
403
467
206
591
811
349
477
658
612
566
768
627
522
407
472
660
641
684
390
552
497
395
299
754
717
363
414
503
681
803
543
721
319
205
731
447
546
492
547
661
599
431
534
591
620
463
723
558
375
623
524
445
657
307
533
323
736
774
553
421
562
481
395
787
600
671
608
645
438
592
547
456
567
577
508
478
663
712
502
729
529
521
579
416
695
498
644
847
552
836
569
412
722
539
784
464
185
272
541
584
517
804
442
415
663
399
726
606
578
186
503
465
546
483
608
612
575
496
640
460
575
593
723
772
422
686
386
339
600
228
406
616
274
499
650
436
660
421
571
794
213
582
329
548
533
522
709
314
587
577
623
604
389
535
330
612
581
482
391
483
499
455
534
465
693
731
641
531
437
609
656
699
656
295
759
530
712
597
557
468
611
635
572
478
468
646
696
792
654
394
594
475
453
420
564
503
347
323
491
809
714
728
723
696
405
543
165
521
561
461
488
437
679
761
778
328
463
595
643
272
565
688
548
89
559
605
712
476
413
513
880
577
529
447
682
317
325
681
493
535
660
576
498
662
552
598
410
255
906
677
627
572
548
431
385
448
528
495
665
807
579
621
655
542
595
513
607
620
510
699
529
550
689
554
270
491
903
406
421
493
671
669
649
735
214
596
494
531
418
418
592
589
513
563
675
508
572
447
473
826
244
636
273
662
780
555
432
666
357
778
766
673
570
571
505
381
755
473
625
428
702
421
615
528
483
613
589
564
355
489
327
405
717
454
653
783
551
704
259
752
379
548
395
516
628
439
434
416
308
583
275
630
756
606
627
685
598
507
933
656
266
364
695
561
693
690
714
295
663
568
603
885
304
275
476
731
713
609
709
635
536
692
611
263
846
519
304
503
697
556
537
707
390
536
904
513
417
212
308
587
383
698
858
547
301
523
650
764
744
623
532
516
674
520
635
600
353
715
418
373
368
639
592
570
322
502
661
761
631
647
211
654
567
786
417
496
387
577
624
427
330
828
336
620
561
400
279
479
537
589
633
254
797
378
647
467
682
502
500
719
755
745
642
608
609
299
805
666
778
531
694
258
628
703
644
538
637
384
542
385
603
624
762
642
606
410
769
554
449
357
629
469
582
829
769
224
516
517
388
612
556
739
749
602
614
604
494
342
259
450
536
511
576
774
642
843
198
763
430
749
616
780
545
492
511
640
467
566
313
446
645
705
621
706
366
565
932
611
659
182
400
473
617
439
658
552
618
373
409
525
403
595
759
555
510
722
630
173
679
651
549
487
876
255
701
550
109
483
369
396
535
394
523
653
525
678
816
638
564
644
555
507
812
451
692
558
499
679
782
435
308
614
651
894
369
610
736
550
685
426
580
467
723
641
450
546
369
338
523
685
369
305
473
755
784
654
262
497
576
654
426
492
508
313
578
519
612
535
472
482
497
494
320
542
425
536
548
712
564
459
720
552
422
557
186
507
736
498
627
787
661
664
307
657
488
230
390
521
634
763
514
452
412
445
576
637
486
697
717
635
765
622
587
659
270
757
502
347
335
553
321
506
718
378
610
544
458
238
711
708
534
334
507
683
514
624
621
419
303
277
509
546
526
808
513
667
559
578
621
375
430
470
504
260
696
198
433
626
537
396
626
715
761
371
430
274
774
328
617
611
330
418
627
417
555
326
469
859
868
583
516
771
328
377
751
517
750
467
406
370
504
679
342
499
665
410
394
521
526
662
598
760
585
529
747
521
516
568
397
733
214
706
442
598
538
628
528
750
867
417
512
613
843
531
571
788
435
305
447
504
642
625
672
756
329
483
620
801
304
434
493
462
648
693
864
638
716
613
524
513
645
539
611
638
725
470
407
171
606
666
738
518
584
631
419
480
711
632
533
562
611
366
388
784
574
485
630
452
327
472
821
707
709
289
508
456
616
634
189
565
506
635
913
588
660
446
649
567
495
547
674
622
660
395
819
205
550
650
782
378
791
468
539
372
661
671
448
508
545
544
606
440
427
888
464
627
583
661
294
752
796
592
728
509
427
355
375
750
749
413
551
555
445
480
425
956
565
334
449
636
744
747
830
550
584
527
195
753
573
850
509
471
626
486
182
353
493
520
406
491
800
535
754
305
575
384
642
532
699
725
682
705
539
572
514
740
670
562
867
713
752
333
569
691
599
249
668
780
558
444
665
497
398
532
253
608
455
769
424
578
313
485
443
249
620
343
408
597
396
556
384
687
480
537
737
311
610
536
561
396
777
457
465
487
378
670
623
581
578
727
763
831
555
564
657
554
640
656
719
628
830
664
685
735
372
823
786
258
752
650
589
536
568
474
569
439
596
842
334
649
515
439
664
561
427
545
570
513
607
443
718
290
1000
462
822
619
732
615
400
378
451
524
737
461
783
426
607
296
786
411
369
516
356
645
378
578
518
663
583
847
761
418
349
473
760
582
264
698
592
312
631
107
689
171
624
540
371
692
545
343
707
359
255
907
430
320
459
523
900
455
748
219
621
613
288
612
615
490
494
639
715
240
642
448
655
817
761
794
459
462
365
596
731
768
438
655
601
641
212
360
394
446
381
780
361
500
662
308
590
645
442
502
498
615
591
732
625
611
510
486
704
604
532
395
627
591
702
759
465
694
265
152
587
706
797
604
557
607
651
502
474
757
514
616
105
583
360
502
809
566
602
774
440
407
680
793
324
639
417
744
778
557
646
572
481
464
646
738
483
430
663
503
569
353
688
568
700
566
763
464
271
238
631
432
547
506
505
677
499
421
708
442
539
394
761
573
525
323
481
545
435
559
626
424
499
80
268
497
784
692
536
686
487
551
898
881
266
415
587
478
644
711
555
740
314
310
503
620
956
250
583
265
762
510
701
702
406
524
561
481
385
390
561
458
435
419
505
644
451
676
703
689
444
324
551
458
483
621
604
531
736
461
396
314
457
697
637
687
535
620
567
584
545
344
558
524
310
661
336
478
597
669
728
648
406
623
421
648
490
470
618
363
355
408
432
677
683
554
468
404
702
650
250
476
646
400
627
375
462
472
480
520
626
420
555
673
700
582
518
594
496
674
471
732
631
468
581
619
377
720
678
294
459
216
625
529
658
375
631
624
739
446
203
464
230
538
682
654
626
584
488
388
466
666
345
267
443
506
605
298
474
315
503
619
600
466
697
542
476
745
668
612
644
486
465
499
320
516
584
499
728
480
521
732
456
726
290
902
450
623
471
685
397
795
435
563
554
643
352
419
316
525
502
272
283
524
638
671
456
255
440
585
643
192
392
545
438
617
614
513
545
745
295
767
536
819
258
393
717
449
703
633
497
548
706
629
627
709
517
807
810
437
254
615
237
409
338
363
638
568
534
718
532
625
510
643
492
625
407
573
479
453
408
431
695
633
439
261
661
593
917
521
391
569
469
452
862
605
647
625
620
461
444
676
183
683
388
538
292
440
526
746
629
674
524
238
657
557
740
559
273
387
486
542
665
880
444
594
580
625
471
490
704
675
622
560
674
581
731
440
581
574
322
657
373
693
586
600
294
769
520
756
644
566
420
349
694
540
194
692
526
420
538
630
461
533
362
721
688
540
726
461
464
551
534
452
646
536
733
634
832
754
412
608
408
376
651
574
296
435
605
270
635
362
430
295
211
632
599
631
374
718
498
610
568
625
540
234
523
683
325
787
678
512
577
559
651
458
251
561
425
626
663
536
658
826
578
553
522
663
433
876
198
709
625
255
548
665
625
647
561
569
703
828
461
299
338
299
678
556
475
736
852
548
352
542
729
598
353
719
507
226
634
232
498
497
472
552
702
585
322
213
378
196
631
527
614
501
836
402
617
388
735
672
728
240
472
380
687
550
259
405
495
614
557
496
909
565
664
509
598
614
810
648
624
613
511
464
436
511
601
380
208
643
630
587
508
496
367
804
811
405
751
743
493
661
702
748
455
406
659
640
749
644
765
351
556
688
730
374
471
414
581
482
430
586
387
544
811
431
730
736
719
713
352
621
581
803
407
351
572
390
419
683
471
397
537
388
425
397
563
699
499
745
303
512
353
561
632
681
531
551
541
598
662
543
386
564
459
704
492
719
537
534
552
537
328
781
658
641
770
660
618
717
327
644
525
586
543
591
563
606
393
669
778
650
510
557
404
549
632
542
669
482
549
596
526
796
360
350
598
532
727
578
648
730
716
373
693
409
541
663
523
592
568
506
362
368
475
280
615
807
502
268
376
645
34
346
560
478
659
676
586
496
760
706
733
719
346
430
436
596
414
477
443
655
294
502
647
423
397
547
902
716
647
668
697
640
561
424
460
643
429
539
634
574
350
675
558
407
622
799
129
733
307
579
569
363
732
625
265
558
367
499
567
575
649
604
521
612
442
686
736
794
539
534
551
412
593
643
345
535
506
758
242
599
695
685
664
454
411
435
417
406
697
982
442
549
547
554
380
563
720
510
696
662
568
636
307
498
500
517
540
644
546
450
434
645
553
601
329
852
873
622
505
485
687
857
748
731
715
619
756
485
362
588
859
627
524
608
444
642
729
359
682
444
568
330
446
668
130
761
536
611
486
854
551
371
681
637
590
695
257
575
484
510
135
582
635
607
518
546
379
586
856
477
618
601
435
389
628
679
736
279
671
529
365
620
692
569
607
668
831
710
242
697
647
685
259
344
555
449
594
790
407
266
319
822
589
416
740
674
525
689
491
398
574
453
618
580
640
710
814
605
487
604
836
516
517
565
397
664
572
396
535
271
376
721
675
420
303
615
525
563
568
635
640
479
818
565
538
411
513
366
728
699
407
606
495
756
707
447
425
464
595
467
463
539
435
887
680
454
300
783
503
687
515
548
442
726
518
546
546
709
380
737
349
379
579
620
781
677
522
696
846
823
678
729
394
644
653
446
332
702
900
588
553
348
667
559
683
576
493
407
576
416
542
604
383
705
428
851
480
590
572
534
441
595
525
508
848
551
609
625
246
581
708
582
478
594
671
626
747
396
500
450
388
510
578
638
531
602
379
644
359
426
409
665
387
475
337
714
531
547
742
295
442
615
577
683
623
638
354
554
555
649
850
655
441
656
471
607
580
375
784
301
754
644
495
486
785
891
321
503
683
601
684
574
692
500
506
518
721
541
692
580
617
477
684
404
555
511
449
563
678
572
688
696
591
624
446
443
593
459
396
456
416
556
544
509
729
590
790
648
562
632
725
760
834
647
515
729
785
344
709
346
764
391
570
576
448
447
603
652
758
649
494
612
227
705
408
404
213
617
647
550
345
447
633
478
635
630
535
372
612
528
425
421
589
671
680
434
749
330
383
230
356
607
698
627
702
658
546
658
519
710
397
529
589
686
355
442
480
553
352
770
412
678
805
627
657
677
687
370
513
707
813
844
522
548
331
580
282
596
701
774
640
364
729
597
596
714
630
470
821
502
469
678
494
696
277
585
511
436
357
762
555
684
493
588
601
497
471
596
516
693
650
749
412
551
509
280
463
613
614
393
756
420
472
402
389
388
540
768
272
515
500
584
639
730
522
495
684
646
380
583
632
721
169
500
842
569
561
486
716
724
269
832
605
598
464
829
230
487
737
536
793
729
536
479
514
392
575
410
380
568
586
600
381
446
337
479
509
729
456
672
597
549
514
603
486
785
565
497
512
344
588
433
416
597
709
485
420
839
377
604
600
782
709
732
794
358
628
393
398
260
586
374
667
687
662
679
660
463
662
530
391
282
379
328
545
552
722
549
659
594
609
276
381
737
705
472
309
357
578
520
626
529
738
728
615
615
486
705
493
457
499
687
936
462
542
476
695
711
625
528
530
469
500
597
696
764
628
692
519
443
427
584
658
585
719
502
379
401
566
499
605
627
596
556
602
591
531
659
382
536
685
626
483
745
235
424
585
528
447
487
632
839
541
481
868
932
391
506
520
601
659
552
316
308
598
692
553
565
750
210
710
587
141
514
728
538
412
206
531
635
383
553
543
880
443
681
636
489
712
600
555
490
420
627
469
725
627
648
454
751
673
525
713
463
465
692
888
483
459
341
717
426
583
789
416
458
731
538
497
571
793
589
526
486
575
419
411
761
558
760
730
494
559
716
503
425
543
396
692
814
28
392
451
414
735
353
675
258
280
455
635
853
741
496
490
634
842
535
515
768
437
722
625
911
563
362
441
501
637
555
612
316
501
308
873
451
457
559
717
578
630
719
472
536
171
212
306
512
713
473
471
625
295
541
485
198
527
583
311
631
621
762
793
469
499
663
581
450
674
637
512
680
431
385
624
641
643
332
412
512
709
609
857
559
715
244
522
632
279
723
816
533
702
211
638
582
519
697
683
662
590
472
791
363
616
371
539
696
485
460
370
746
575
811
651
160
465
581
340
555
362
663
501
226
465
490
266
518
739
752
687
637
600
848
721
599
346
420
478
537
688
457
452
447
408
553
477
424
687
614
452
702
509
607
509
411
703
733
469
571
297
666
149
765
511
761
74
647
723
58
335
447
726
746
444
164
620
575
691
727
538
563
585
694
375
434
385
569
524
618
533
477
596
781
622
369
673
594
809
498
461
500
701
688
362
535
453
738
747
421
343
745
389
340
585
436
655
760
216
673
782
606
701
595
635
406
434
724
622
803
485
352
722
841
499
637
515
743
419
666
653
684
483
514
422
478
235
360
558
418
650
718
657
421
319
735
429
442
640
515
475
475
568
560
756
530
462
569
536
441
617
607
680
603
575
200
352
459
628
582
663
788
499
498
675
505
684
726
737
529
411
430
307
498
598
413
450
270
659
518
285
616
517
479
576
514
591
412
249
483
713
660
490
596
445
724
295
511
633
281
383
803
522
646
644
629
386
599
633
793
835
758
472
704
295
561
558
639
261
529
461
732
587
423
463
384
468
557
734
541
690
614
405
679
756
571
573
547
298
403
545
315
575
616
641
451
433
507
432
650
732
500
685
804
766
654
535
669
479
466
489
650
725
695
402
578
511
738
434
516
596
650
618
395
640
494
350
320
555
652
268
625
553
564
463
677
389
545
744
519
588
532
405
845
451
710
503
747
390
761
463
483
653
342
759
536
699
594
392
148
553
732
809
589
377
471
439
617
466
680
520
542
191
543
562
650
522
616
420
431
774
448
624
293
828
568
893
593
728
852
723
479
640
550
487
76
539
381
545
643
646
698
516
567
498
630
492
626
265
678
382
721
563
560
631
566
391
263
923
798
744
378
363
510
326
570
539
449
728
487
548
239
344
642
852
763
158
251
268
181
435
596
602
227
521
776
641
452
615
553
678
454
690
534
618
255
560
624
336
600
616
708
511
584
643
442
353
370
539
628
432
389
551
534
629
703
532
447
692
723
491
754
538
484
292
338
628
778
574
540
714
834
567
848
461
525
736
95
527
597
597
650
443
508
711
372
668
259
549
705
736
513
715
487
526
584
821
385
621
469
742
475
441
655
478
559
718
682
554
586
807
533
396
473
732
485
535
566
552
216
637
251
515
734
694
714
426
460
611
655
601
352
553
609
775
687
806
538
541
558
735
385
485
469
384
585
268
513
451
274
761
621
620
537
433
279
603
688
474
482
668
622
542
303
858
399
540
537
453
703
736
388
308
422
506
417
642
659
490
595
396
429
560
585
526
569
669
612
764
418
697
350
557
617
625
634
802
308
566
480
593
543
706
583
601
382
712
521
549
551
718
439
327
747
457
637
607
282
434
502
657
439
480
643
661
323
773
681
600
301
328
486
404
592
348
529
653
442
428
408
494
836
740
642
499
480
283
590
602
639
527
626
565
506
686
608
500
727
717
554
736
747
347
640
420
495
758
764
789
469
333
346
805
596
491
417
386
385
306
233
712
520
558
399
616
685
770
564
645
563
531
565
628
661
651
649
551
326
772
487
638
659
633
578
909
610
628
478
467
478
399
673
690
628
633
563
712
474
892
225
773
510
742
466
537
572
742
894
534
511
607
543
460
769
438
384
614
715
575
692
775
379
608
510
357
462
484
547
552
495
113
619
396
408
700
543
505
941
664
534
726
528
391
715
921
511
149
331
501
599
372
310
650
709
399
630
449
559
331
572
615
595
193
331
712
434
744
642
437
584
464
801
485
331
816
794
444
299
675
340
420
479
347
486
334
344
680
489
301
449
638
691
438
485
721
447
615
654
564
636
363
580
514
572
677
766
457
652
526
373
578
482
779
474
581
518
460
243
225
568
820
605
550
396
528
499
579
663
477
473
384
464
561
392
407
767
508
502
814
560
519
574
474
505
342
683
456
416
478
883
216
615
614
440
589
271
805
587
935
711
387
597
724
535
708
415
444
389
516
699
594
632
491
301
447
619
588
541
567
586
391
705
742
718
527
464
626
518
465
290
456
668
811
464
461
629
599
607
664
620
416
615
433
368
247
593
795
652
699
522
499
472
767
514
368
257
518
703
704
473
466
674
678
622
319
545
381
387
510
457
620
469
492
305
302
535
816
263
651
662
614
487
646
328
536
530
284
601
721
453
768
555
747
486
626
523
702
819
600
574
783
612
517
454
390
486
663
369
389
374
667
387
503
602
295
715
562
558
412
850
581
526
251
436
627
529
633
371
170
394
701
633
753
435
675
754
749
411
672
510
661
126
596
526
549
540
623
579
683
542
397
329
461
433
601
445
604
654
472
366
326
575
691
460
493
325
639
591
591
659
574
595
558
599
381
760
693
582
639
606
630
520
568
350
406
438
512
923
384
534
762
485
523
761
897
337
469
146
334
540
674
572
581
358
604
503
772
541
644
350
636
441
390
730
748
708
482
685
505
308
379
367
247
492
782
246
380
405
637
580
591
658
336
178
369
497
687
636
498
671
709
560
433
789
819
567
577
542
657
548
604
682
366
388
531
355
700
677
566
397
507
569
691
662
679
526
672
611
446
645
656
431
764
575
374
649
594
642
437
651
729
383
878
519
676
759
378
404
530
594
750
382
596
498
561
649
687
387
513
697
531
493
416
637
772
430
569
868
542
486
525
574
558
530
740
424
355
606
697
816
355
403
256
686
449
181
663
599
621
635
334
634
802
443
378
539
764
421
423
655
781
504
724
508
714
353
669
584
304
470
705
821
538
612
670
435
429
438
532
490
732
477
468
482
408
718
561
858
659
433
543
649
790
719
338
505
235
913
469
474
589
733
387
682
341
594
518
325
602
765
432
562
699
247
519
455
713
730
585
454
411
468
608
250
497
730
796
461
468
587
579
731
772
671
552
423
690
503
664
675
312
549
436
579
222
736
1
640
450
816
559
572
659
528
562
767
346
597
610
807
692
586
241
519
775
819
609
467
418
359
516
410
796
525
321
824
621
534
230
414
604
599
625
626
527
548
699
564
341
836
485
408
618
271
593
386
596
616
457
678
504
435
315
631
372
744
368
572
685
628
553
571
312
602
504
580
565
532
487
747
490
575
776
716
632
619
583
725
380
517
831
339
659
560
797
501
418
675
554
487
716
729
769
496
757
796
243
742
533
193
347
449
798
690
335
499
576
698
632
292
372
598
680
402
595
555
756
440
397
795
479
631
259
630
610
581
487
308
719
533
657
659
554
476
406
611
464
876
725
788
694
522
325
660
410
341
701
324
483
293
800
962
522
618
652
724
314
359
472
559
330
577
199
268
140
448
705
561
691
622
731
814
549
722
573
650
872
448
691
600
397
487
658
588
654
444
735
725
674
488
481
459
723
705
755
626
458
498
255
582
633
606
384
584
587
513
430
426
251
591
550
474
526
663
634
614
654
496
552
525
653
623
469
161
643
277
757
501
334
388
716
313
761
581
223
548
827
775
536
623
587
367
753
521
315
693
588
124
525
231
603
547
485
332
752
649
663
318
673
571
358
423
489
549
246
332
561
634
774
509
765
548
503
699
606
465
591
549
481
535
784
747
546
687
414
486
628
660
382
301
569
514
653
450
709
660
727
513
544
507
623
516
656
628
530
678
396
705
643
414
601
604
477
662
568
416
426
571
725
735
668
487
444
394
228
353
641
501
595
510
373
812
643
369
422
582
266
644
568
357
739
478
775
502
417
587
686
502
231
472
597
751
701
547
588
754
322
557
470
488
538
699
742
725
332
573
434
786
500
363
553
324
263
414
380
631
465
431
696
698
691
823
550
674
714
434
526
614
739
550
647
460
333
373
606
556
232
620
632
736
232
493
508
628
592
630
616
377
426
710
452
409
439
279
555
443
524
858
664
620
608
351
406
442
822
560
533
658
341
659
578
542
764
661
282
755
739
658
496
604
585
349
466
655
408
310
300
793
519
455
368
559
548
611
714
269
464
664
523
396
581
567
715
675
412
400
685
597
379
812
484
535
594
633
63
612
600
475
604
345
536
573
396
342
725
734
322
688
737
463
428
712
733
567
481
554
444
497
641
444
330
551
580
274
741
357
825
553
771
541
467
462
551
510
539
444
498
181
230
707
667
385
608
563
635
612
575
506
744
688
546
549
482
586
729
668
716
741
495
628
484
585
567
300
767
607
550
662
539
304
568
816
385
718
549
656
662
440
559
658
634
565
594
610
672
710
561
690
747
591
539
541
550
355
188
438
561
532
662
715
676
602
696
661
802
759
570
670
525
454
242
529
535
517
425
500
606
471
386
649
824
548
712
312
665
552
356
485
390
558
619
520
574
451
640
525
371
514
578
599
547
530
500
706
742
671
745
564
429
696
711
648
507
697
456
522
374
481
683
526
482
408
276
82
386
297
674
648
597
675
305
658
336
437
793
705
388
503
545
696
334
445
515
586
536
594
520
672
725
546
469
796
506
726
368
403
771
687
376
702
479
668
576
629
418
586
557
593
502
561
582
467
682
484
468
715
312
685
541
599
770
623
421
708
629
409
759
229
497
730
508
613
235
263
370
592
465
629
654
626
429
563
670
528
509
502
571
331
651
509
665
615
501
647
348
689
674
679
445
333
607
486
501
753
553
415
403
444
404
794
670
448
739
397
702
518
318
278
744
622
575
392
474
742
338
491
715
402
536
500
678
653
384
391
516
708
738
658
572
373
346
642
556
497
528
430
465
507
515
531
282
484
650
610
368
346
598
523
602
357
836
327
546
598
352
472
601
830
615
650
633
568
263
519
554
640
592
742
597
564
479
561
361
594
759
571
506
490
257
443
711
509
370
470
795
745
522
618
505
604
673
376
505
427
398
503
526
268
644
622
503
752
581
477
493
734
199
675
551
83
494
479
811
168
516
590
573
739
778
774
797
567
568
636
549
397
587
440
662
601
558
287
619
412
597
635
538
565
730
643
452
498
661
637
820
642
525
373
456
581
594
423
563
494
857
375
602
751
435
488
571
422
560
556
